num polygons
957

3
187.36,160.54
187.04,151.02
188.51,156.65

3
188.51,156.65
187.04,151.02
189.42,152.24

3
189.42,152.24
187.04,151.02
186.97,133.13

3
189.42,152.24
186.97,133.13
189.98,147.40

3
189.98,147.40
186.97,133.13
190.11,142.59

3
190.11,142.59
186.97,133.13
190.06,137.60

3
190.06,137.60
186.97,133.13
190.11,133.59

3
190.11,133.59
186.97,133.13
189.16,114.44

3
190.11,133.59
189.16,114.44
190.41,129.58

3
190.41,129.58
189.16,114.44
190.72,115.41

3
190.41,129.58
190.72,115.41
191.60,122.71

3
191.60,122.71
190.72,115.41
191.64,116.58

3
191.60,122.71
191.64,116.58
192.01,120.16

3
192.01,120.16
191.64,116.58
192.04,118.04

3
186.97,133.13
186.59,123.51
189.16,114.44

3
189.16,114.44
186.59,123.51
186.91,113.69

3
186.91,113.69
186.59,123.51
185.84,113.47

3
204.83,65.33
204.45,62.87
210.67,65.00

3
210.67,65.00
204.45,62.87
204.53,60.74

3
210.67,65.00
204.53,60.74
205.01,58.72

3
205.01,58.72
205.42,57.07
210.67,65.00

3
210.67,65.00
205.42,57.07
216.58,65.20

3
216.58,65.20
205.42,57.07
205.62,55.14

3
216.58,65.20
205.62,55.14
223.95,49.56

3
223.95,49.56
205.62,55.14
220.53,46.03

3
220.53,46.03
205.62,55.14
205.37,52.99

3
220.53,46.03
205.37,52.99
204.71,50.80

3
220.53,46.03
204.71,50.80
214.70,40.36

3
214.70,40.36
204.71,50.80
202.12,44.84

3
214.70,40.36
202.12,44.84
211.50,37.52

3
211.50,37.52
202.12,44.84
201.48,42.61

3
211.50,37.52
201.48,42.61
201.31,40.53

3
211.50,37.52
201.31,40.53
208.30,35.20

3
208.30,35.20
201.31,40.53
201.69,38.23

3
208.30,35.20
201.69,38.23
202.63,35.74

3
203.76,33.40
205.99,34.03
202.63,35.74

3
202.63,35.74
205.99,34.03
208.30,35.20

3
223.95,49.56
227.28,53.41
216.58,65.20

3
216.58,65.20
227.28,53.41
222.04,65.77

3
222.04,65.77
227.28,53.41
229.64,56.56

3
222.04,65.77
229.64,56.56
226.92,66.41

3
226.92,66.41
229.64,56.56
231.70,59.80

3
226.92,66.41
231.70,59.80
229.95,66.70

3
229.95,66.70
231.70,59.80
233.07,62.56

3
229.95,66.70
233.07,62.56
233.52,63.76

3
229.95,66.70
233.52,63.76
232.22,66.71

3
232.22,66.71
233.52,63.76
233.80,64.79

3
232.22,66.71
233.80,64.79
233.14,66.56

3
233.14,66.56
233.80,64.79
233.88,65.66

3
233.14,66.56
233.88,65.66
233.62,66.36

3
233.62,66.36
233.88,65.66
233.82,66.12

3
233.62,66.36
233.82,66.12
233.76,66.26

3
180.47,207.57
172.24,206.98
180.47,181.73

3
180.47,181.73
172.24,206.98
169.60,189.22

3
180.47,181.73
169.60,189.22
170.37,186.26

3
164.31,205.78
166.83,194.99
172.24,206.98

3
172.24,206.98
166.83,194.99
168.57,191.97

3
172.24,206.98
168.57,191.97
169.60,189.22

3
159.58,204.74
161.41,199.97
164.31,205.78

3
164.31,205.78
161.41,199.97
164.62,197.50

3
164.31,205.78
164.62,197.50
166.83,194.99

3
155.10,203.52
158.07,201.94
159.58,204.74

3
159.58,204.74
158.07,201.94
161.41,199.97

3
170.37,186.26
171.48,179.96
180.47,181.73

3
180.47,181.73
171.48,179.96
180.37,181.20

3
180.37,181.20
171.48,179.96
178.82,177.39

3
178.82,177.39
171.48,179.96
177.36,172.97

3
177.36,172.97
171.48,179.96
173.24,169.73

3
177.36,172.97
173.24,169.73
175.99,168.10

3
175.99,168.10
173.24,169.73
174.63,162.98

3
175.79,157.00
176.47,152.91
176.35,158.97

3
176.35,158.97
176.47,152.91
178.16,165.77

3
178.16,165.77
176.47,152.91
177.14,147.84

3
178.16,165.77
177.14,147.84
177.68,142.38

3
178.07,136.51
184.54,151.10
177.68,142.38

3
177.68,142.38
184.54,151.10
179.94,172.15

3
177.68,142.38
179.94,172.15
178.16,165.77

3
184.54,151.10
178.07,136.51
184.44,132.06

3
184.44,132.06
178.07,136.51
178.28,130.21

3
184.44,132.06
178.28,130.21
184.05,122.81

3
184.05,122.81
178.28,130.21
180.78,113.08

3
184.05,122.81
180.78,113.08
183.30,113.16

3
178.28,130.21
178.31,122.02
180.78,113.08

3
180.78,113.08
178.31,122.02
178.26,113.19

3
178.26,113.19
178.31,122.02
178.17,113.20

3
178.17,113.20
178.31,122.02
178.08,113.21

3
184.72,158.14
183.64,169.42
184.54,151.10

3
184.54,151.10
183.64,169.42
182.60,173.03

3
184.54,151.10
182.60,173.03
179.94,172.15

3
179.94,172.15
182.60,173.03
180.77,174.79

3
180.77,174.79
182.60,173.03
181.63,177.20

3
185.26,165.35
184.43,167.25
184.72,158.14

3
184.72,158.14
184.43,167.25
183.64,169.42

3
244.55,154.64
243.00,153.10
246.46,146.91

3
246.46,146.91
243.00,153.10
241.10,151.87

3
246.46,146.91
241.10,151.87
237.87,150.35

3
234.38,148.82
242.75,144.32
237.87,150.35

3
237.87,150.35
242.75,144.32
244.74,145.52

3
237.87,150.35
244.74,145.52
246.46,146.91

3
231.04,147.06
236.67,141.61
234.38,148.82

3
234.38,148.82
236.67,141.61
239.92,142.99

3
234.38,148.82
239.92,142.99
242.75,144.32

3
231.04,147.06
227.93,144.96
236.67,141.61

3
236.67,141.61
227.93,144.96
230.76,139.01

3
230.76,139.01
227.93,144.96
225.16,142.49

3
230.76,139.01
225.16,142.49
228.55,138.16

3
228.55,138.16
225.16,142.49
223.13,140.06

3
228.55,138.16
223.13,140.06
226.64,137.66

3
226.64,137.66
223.13,140.06
224.98,137.53

3
224.98,137.53
223.13,140.06
223.37,137.65

3
223.37,137.65
223.13,140.06
222.39,138.82

3
223.37,137.65
222.39,138.82
221.93,137.72

3
200.67,65.94
196.44,66.89
200.34,63.94

3
200.34,63.94
196.44,66.89
200.22,62.04

3
200.22,62.04
196.44,66.89
196.04,58.21

3
200.22,62.04
196.04,58.21
200.43,59.81

3
200.43,59.81
196.04,58.21
198.35,56.93

3
200.43,59.81
198.35,56.93
200.88,57.91

3
200.88,57.91
198.35,56.93
201.24,56.52

3
201.24,56.52
198.35,56.93
199.95,55.31

3
201.24,56.52
199.95,55.31
201.42,55.34

3
201.42,55.34
199.95,55.31
201.37,54.37

3
201.37,54.37
199.95,55.31
201.11,53.24

3
196.04,58.21
196.44,66.89
193.56,58.97

3
193.56,58.97
196.44,66.89
192.56,68.07

3
193.56,58.97
192.56,68.07
190.44,59.63

3
190.44,59.63
192.56,68.07
187.62,60.33

3
187.62,60.33
192.56,68.07
189.77,69.10

3
187.62,60.33
189.77,69.10
186.19,60.91

3
186.19,60.91
189.77,69.10
184.98,61.65

3
184.98,61.65
189.77,69.10
183.97,62.56

3
183.97,62.56
189.77,69.10
183.14,63.67

3
183.14,63.67
189.77,69.10
187.24,70.18

3
183.14,63.67
187.24,70.18
182.08,66.12

3
182.08,66.12
187.24,70.18
184.98,71.27

3
182.08,66.12
184.98,71.27
181.56,68.81

3
181.56,68.81
184.98,71.27
182.99,72.34

3
181.56,68.81
182.99,72.34
181.54,73.20

3
75.86,154.13
110.86,168.77
70.00,153.89

3
70.00,153.89
110.86,168.77
113.82,174.54

3
70.00,153.89
113.82,174.54
117.19,180.10

3
110.86,168.77
75.86,154.13
108.40,162.87

3
108.40,162.87
75.86,154.13
81.43,154.33

3
108.40,162.87
81.43,154.33
86.68,154.50

3
108.40,162.87
86.68,154.50
107.02,158.79

3
107.02,158.79
86.68,154.50
91.57,154.62

3
107.02,158.79
91.57,154.62
95.62,154.70

3
95.62,154.70
99.35,154.74
107.02,158.79

3
107.02,158.79
99.35,154.74
102.77,154.74

3
107.02,158.79
102.77,154.74
105.90,154.72

3
70.00,153.89
117.19,180.10
70.00,221.02

3
70.00,221.02
117.19,180.10
120.92,185.35

3
70.00,221.02
120.92,185.35
123.74,188.82

3
123.74,188.82
126.69,192.06
70.00,221.02

3
70.00,221.02
126.69,192.06
129.77,195.04

3
70.00,221.02
129.77,195.04
132.98,197.77

3
132.98,197.77
137.22,200.82
70.00,221.02

3
70.00,221.02
137.22,200.82
141.71,203.46

3
70.00,221.02
141.71,203.46
146.49,205.73

3
146.49,205.73
151.60,207.65
70.00,221.02

3
70.00,221.02
151.60,207.65
159.55,209.88

3
70.00,221.02
159.55,209.88
168.17,211.50

3
168.17,211.50
175.06,212.28
70.00,221.02

3
70.00,221.02
175.06,212.28
182.10,212.61

3
70.00,221.02
182.10,212.61
284.51,221.02

3
284.51,221.02
182.10,212.61
189.17,212.42

3
284.51,221.02
189.17,212.42
196.10,211.65

3
196.10,211.65
200.73,210.75
284.51,221.02

3
284.51,221.02
200.73,210.75
205.17,209.55

3
284.51,221.02
205.17,209.55
209.41,208.07

3
209.41,208.07
213.40,206.31
284.51,221.02

3
284.51,221.02
213.40,206.31
217.38,204.16

3
284.51,221.02
217.38,204.16
221.06,201.77

3
221.06,201.77
224.43,199.19
284.51,221.02

3
284.51,221.02
224.43,199.19
227.52,196.43

3
284.51,221.02
227.52,196.43
230.63,193.22

3
230.63,193.22
233.45,189.85
284.51,221.02

3
284.51,221.02
233.45,189.85
236.02,186.28

3
284.51,221.02
236.02,186.28
238.39,182.51

3
284.51,221.02
238.39,182.51
284.51,156.02

3
284.51,156.02
238.39,182.51
241.76,176.17

3
284.51,156.02
241.76,176.17
244.83,169.19

3
244.83,169.19
247.25,162.72
284.51,156.02

3
284.51,156.02
247.25,162.72
249.36,156.02

3
193.92,110.68
193.43,111.59
190.80,109.36

3
190.80,109.36
193.43,111.59
192.72,112.33

3
190.80,109.36
192.72,112.33
191.83,112.86

3
191.83,112.86
189.98,111.85
190.80,109.36

3
190.80,109.36
189.98,111.85
188.25,107.52

3
188.25,107.52
189.98,111.85
187.82,111.13

3
188.25,107.52
187.82,111.13
185.41,110.66

3
182.83,110.42
186.38,104.32
185.41,110.66

3
185.41,110.66
186.38,104.32
187.07,106.04

3
185.41,110.66
187.07,106.04
188.25,107.52

3
186.38,104.32
182.83,110.42
179.48,105.65

3
179.48,105.65
182.83,110.42
180.99,110.38

3
179.48,105.65
180.99,110.38
179.39,108.17

3
179.39,108.17
180.99,110.38
179.15,110.42

3
186.38,104.32
179.48,105.65
186.29,102.62

3
186.29,102.62
179.48,105.65
179.38,101.52

3
186.29,102.62
179.38,101.52
186.66,101.05

3
186.66,101.05
179.38,101.52
178.96,97.21

3
186.66,101.05
178.96,97.21
186.99,91.06

3
186.99,91.06
178.96,97.21
186.05,88.70

3
186.05,88.70
178.96,97.21
178.33,93.85

3
186.05,88.70
178.33,93.85
178.56,86.28

3
178.56,86.28
178.33,93.85
177.25,90.67

3
178.56,86.28
177.25,90.67
176.91,88.49

3
176.91,88.49
177.25,90.67
176.37,88.98

3
186.05,88.70
178.56,86.28
185.74,86.35

3
185.74,86.35
178.56,86.28
179.86,83.59

3
185.74,86.35
179.86,83.59
180.77,80.92

3
181.36,78.26
182.87,77.11
180.77,80.92

3
180.77,80.92
182.87,77.11
186.09,84.02

3
180.77,80.92
186.09,84.02
185.74,86.35

3
186.09,84.02
182.87,77.11
186.73,82.52

3
186.73,82.52
182.87,77.11
185.03,75.78

3
186.73,82.52
185.03,75.78
187.64,81.19

3
187.64,81.19
185.03,75.78
187.80,74.34

3
187.64,81.19
187.80,74.34
188.78,80.05

3
188.78,80.05
187.80,74.34
190.13,79.13

3
190.13,79.13
187.80,74.34
191.13,72.87

3
190.13,79.13
191.13,72.87
192.74,78.16

3
192.74,78.16
191.13,72.87
196.03,71.16

3
192.74,78.16
196.03,71.16
195.56,77.93

3
195.56,77.93
196.03,71.16
198.32,78.32

3
198.32,78.32
196.03,71.16
202.28,72.22

3
198.32,78.32
202.28,72.22
202.85,74.56

3
196.03,71.16
201.64,69.83
202.28,72.22

3
198.32,78.32
202.85,74.56
200.79,78.96

3
200.79,78.96
202.85,74.56
203.28,76.97

3
200.79,78.96
203.28,76.97
202.06,79.29

3
202.06,79.29
203.28,76.97
203.38,78.79

3
202.06,79.29
203.38,78.79
202.98,79.47

3
202.98,79.47
203.38,78.79
203.27,79.49

3
186.66,101.05
186.99,91.06
187.58,99.24

3
187.58,99.24
186.99,91.06
188.15,93.07

3
187.58,99.24
188.15,93.07
188.55,97.80

3
188.55,97.80
188.15,93.07
188.89,94.37

3
188.55,97.80
188.89,94.37
189.07,96.92

3
189.07,96.92
188.89,94.37
189.31,95.33

3
189.07,96.92
189.31,95.33
189.34,96.28

3
189.34,96.28
189.31,95.33
189.40,95.84

3
183.77,180.25
190.59,186.52
183.77,207.61

3
183.77,207.61
190.59,186.52
191.93,189.11

3
183.77,207.61
191.93,189.11
188.08,207.48

3
188.08,207.48
191.93,189.11
193.41,191.48

3
188.08,207.48
193.41,191.48
192.32,207.12

3
192.32,207.12
193.41,191.48
195.00,193.61

3
192.32,207.12
195.00,193.61
196.92,195.74

3
184.85,175.15
187.41,177.51
183.77,180.25

3
183.77,180.25
187.41,177.51
189.39,183.71

3
183.77,180.25
189.39,183.71
190.59,186.52

3
184.85,175.15
186.01,170.87
187.41,177.51

3
192.32,207.12
196.92,195.74
196.56,206.50

3
196.56,206.50
196.92,195.74
198.94,197.58

3
196.56,206.50
198.94,197.58
200.63,205.63

3
200.63,205.63
198.94,197.58
203.16,200.55

3
200.63,205.63
203.16,200.55
204.53,204.51

3
204.53,204.51
203.16,200.55
208.22,203.16

3
167.08,116.31
165.41,115.42
167.55,115.55

3
167.55,115.55
165.41,115.42
166.46,110.22

3
167.55,115.55
166.46,110.22
168.06,114.82

3
168.06,114.82
166.46,110.22
169.26,113.44

3
169.26,113.44
166.46,110.22
168.12,108.17

3
169.26,113.44
168.12,108.17
170.65,112.21

3
170.65,112.21
168.12,108.17
168.71,106.79

3
170.65,112.21
168.71,106.79
170.80,112.10

3
170.80,112.10
168.71,106.79
170.97,112.03

3
170.97,112.03
168.71,106.79
168.87,105.27

3
170.97,112.03
168.87,105.27
173.95,111.12

3
173.95,111.12
168.87,105.27
175.34,108.60

3
173.95,111.12
175.34,108.60
174.46,111.01

3
174.46,111.01
175.34,108.60
174.99,110.91

3
166.46,110.22
165.41,115.42
164.17,111.91

3
164.17,111.91
165.41,115.42
164.02,114.14

3
164.17,111.91
164.02,114.14
163.00,112.54

3
168.56,103.96
175.37,101.57
168.87,105.27

3
168.87,105.27
175.37,101.57
175.48,105.61

3
168.87,105.27
175.48,105.61
175.34,108.60

3
167.88,102.84
174.43,94.75
168.56,103.96

3
168.56,103.96
174.43,94.75
174.95,97.42

3
168.56,103.96
174.95,97.42
175.37,101.57

3
166.63,101.73
170.99,88.45
167.88,102.84

3
167.88,102.84
170.99,88.45
172.53,90.38

3
167.88,102.84
172.53,90.38
173.65,92.42

3
170.99,88.45
166.63,101.73
168.62,85.95

3
168.62,85.95
166.63,101.73
165.29,100.97

3
168.62,85.95
165.29,100.97
162.38,90.61

3
162.38,90.61
165.29,100.97
163.71,100.17

3
162.38,90.61
163.71,100.17
161.28,94.24

3
161.28,94.24
163.71,100.17
162.45,99.39

3
161.28,94.24
162.45,99.39
161.01,95.84

3
161.01,95.84
162.45,99.39
161.56,98.44

3
161.01,95.84
161.56,98.44
161.10,97.30

3
162.38,90.61
162.58,88.69
168.62,85.95

3
168.62,85.95
162.58,88.69
166.23,83.04

3
166.23,83.04
162.58,88.69
162.37,86.56

3
166.23,83.04
162.37,86.56
164.86,80.59

3
164.86,80.59
162.37,86.56
161.53,83.91

3
164.86,80.59
161.53,83.91
163.88,77.94

3
163.88,77.94
161.53,83.91
160.09,81.36

3
163.88,77.94
160.09,81.36
158.77,79.87

3
163.88,77.94
158.77,79.87
162.15,70.13

3
162.15,70.13
158.77,79.87
157.13,78.75

3
162.15,70.13
157.13,78.75
160.62,65.44

3
160.62,65.44
157.13,78.75
155.55,78.27

3
160.62,65.44
155.55,78.27
159.53,63.02

3
159.53,63.02
155.55,78.27
154.53,61.20

3
159.53,63.02
154.53,61.20
158.17,60.53

3
158.17,60.53
154.53,61.20
156.93,58.56

3
154.53,61.20
155.55,78.27
151.77,63.43

3
151.77,63.43
155.55,78.27
153.95,78.25

3
151.77,63.43
153.95,78.25
151.88,78.79

3
151.77,63.43
151.88,78.79
148.26,65.85

3
148.26,65.85
151.88,78.79
150.13,79.54

3
148.26,65.85
150.13,79.54
148.74,80.06

3
148.26,65.85
148.74,80.06
145.21,68.23

3
145.21,68.23
148.74,80.06
147.57,80.28

3
145.21,68.23
147.57,80.28
146.54,80.17

3
146.54,80.17
145.52,79.70
145.21,68.23

3
145.21,68.23
145.52,79.70
144.18,69.32

3
144.18,69.32
145.52,79.70
144.17,78.45

3
144.18,69.32
144.17,78.45
143.38,70.45

3
143.38,70.45
144.17,78.45
143.08,76.65

3
143.38,70.45
143.08,76.65
142.82,71.62

3
142.82,71.62
143.08,76.65
142.52,72.84

3
142.52,72.84
143.08,76.65
142.53,74.73

3
173.65,92.42
174.43,94.75
167.88,102.84

3
109.07,143.32
111.14,142.61
109.23,144.88

3
109.23,144.88
111.14,142.61
109.42,146.46

3
109.42,146.46
111.14,142.61
112.68,142.45

3
109.42,146.46
112.68,142.45
116.31,148.99

3
116.31,148.99
112.68,142.45
114.41,142.50

3
116.31,148.99
114.41,142.50
118.26,146.43

3
118.26,146.43
114.41,142.50
116.81,142.51

3
118.26,146.43
116.81,142.51
119.91,143.86

3
119.91,143.86
116.81,142.51
119.73,142.25

3
119.91,143.86
119.73,142.25
120.93,142.07

3
109.42,146.46
116.31,148.99
110.14,150.75

3
110.14,150.75
116.31,148.99
111.94,154.03

3
110.14,150.75
111.94,154.03
111.16,155.10

3
284.51,37.59
280.77,37.34
284.51,15.00

3
284.51,15.00
280.77,37.34
277.35,37.43

3
284.51,15.00
277.35,37.43
274.25,37.85

3
274.25,37.85
271.48,38.64
284.51,15.00

3
284.51,15.00
271.48,38.64
269.04,39.80

3
284.51,15.00
269.04,39.80
217.66,37.65

3
217.66,37.65
269.04,39.80
267.41,40.97

3
217.66,37.65
267.41,40.97
223.99,43.83

3
223.99,43.83
267.41,40.97
266.00,42.35

3
223.99,43.83
266.00,42.35
264.83,43.91

3
223.99,43.83
264.83,43.91
227.24,47.24

3
227.24,47.24
264.83,43.91
263.89,45.64

3
227.24,47.24
263.89,45.64
230.48,51.01

3
230.48,51.01
263.89,45.64
263.07,47.84

3
230.48,51.01
263.07,47.84
233.27,54.79

3
233.27,54.79
263.07,47.84
262.52,50.19

3
233.27,54.79
262.52,50.19
235.68,58.74

3
235.68,58.74
262.52,50.19
262.03,55.25

3
235.68,58.74
262.03,55.25
237.06,61.73

3
237.06,61.73
262.03,55.25
237.82,64.60

3
237.82,64.60
262.03,55.25
262.33,70.73

3
237.82,64.60
262.33,70.73
237.86,66.26

3
237.86,66.26
262.33,70.73
237.42,67.89

3
237.42,67.89
262.33,70.73
261.94,75.91

3
237.42,67.89
261.94,75.91
261.48,78.22

3
237.42,67.89
261.48,78.22
236.58,69.08

3
236.58,69.08
261.48,78.22
260.82,80.31

3
236.58,69.08
260.82,80.31
252.56,87.62

3
252.56,87.62
260.82,80.31
254.64,86.86

3
254.64,86.86
260.82,80.31
259.76,82.43

3
254.64,86.86
259.76,82.43
256.69,85.69

3
256.69,85.69
259.76,82.43
258.39,84.22

3
252.56,87.62
250.24,88.14
236.58,69.08

3
236.58,69.08
250.24,88.14
247.72,88.41

3
236.58,69.08
247.72,88.41
245.05,88.44

3
245.05,88.44
241.79,88.17
236.58,69.08

3
236.58,69.08
241.79,88.17
235.42,69.95

3
235.42,69.95
241.79,88.17
238.50,87.60

3
235.42,69.95
238.50,87.60
235.30,86.75

3
235.42,69.95
235.30,86.75
233.85,70.51

3
233.85,70.51
235.30,86.75
232.27,85.66

3
233.85,70.51
232.27,85.66
229.87,84.55

3
233.85,70.51
229.87,84.55
232.15,70.73

3
232.15,70.73
229.87,84.55
227.72,83.31

3
232.15,70.73
227.72,83.31
225.87,81.98

3
232.15,70.73
225.87,81.98
228.85,70.64

3
228.85,70.64
225.87,81.98
224.35,80.57

3
228.85,70.64
224.35,80.57
223.33,79.33

3
223.33,79.33
222.55,78.07
228.85,70.64

3
228.85,70.64
222.55,78.07
221.70,75.42

3
228.85,70.64
221.70,75.42
225.09,70.20

3
225.09,70.20
221.70,75.42
221.71,72.80

3
225.09,70.20
221.71,72.80
222.52,69.87

3
214.08,34.45
208.46,19.42
217.66,37.65

3
217.66,37.65
208.46,19.42
208.71,16.48

3
217.66,37.65
208.71,16.48
208.76,15.00

3
208.46,19.42
214.08,34.45
207.99,22.20

3
207.99,22.20
214.08,34.45
210.19,31.66

3
207.99,22.20
210.19,31.66
206.52,27.31

3
206.52,27.31
210.19,31.66
207.91,30.50

3
206.52,27.31
207.91,30.50
206.04,28.53

3
206.04,28.53
207.91,30.50
205.54,29.69

3
208.76,15.00
284.51,15.00
217.66,37.65

3
70.00,148.89
70.00,115.03
75.61,149.11

3
75.61,149.11
70.00,115.03
76.45,114.65

3
75.61,149.11
76.45,114.65
80.96,149.31

3
80.96,149.31
76.45,114.65
82.51,114.63

3
80.96,149.31
82.51,114.63
86.00,149.47

3
86.00,149.47
82.51,114.63
88.89,115.11

3
86.00,149.47
88.89,115.11
103.60,132.87

3
103.60,132.87
88.89,115.11
91.77,115.57

3
103.60,132.87
91.77,115.57
103.35,127.78

3
103.35,127.78
91.77,115.57
94.37,116.19

3
103.35,127.78
94.37,116.19
103.09,125.58

3
103.09,125.58
94.37,116.19
102.68,123.65

3
102.68,123.65
94.37,116.19
97.43,117.35

3
102.68,123.65
97.43,117.35
102.18,122.17

3
102.18,122.17
97.43,117.35
101.54,120.90

3
101.54,120.90
97.43,117.35
99.76,118.83

3
86.00,149.47
103.60,132.87
90.72,149.60

3
90.72,149.60
103.60,132.87
103.80,139.35

3
90.72,149.60
103.80,139.35
94.71,149.68

3
94.71,149.68
103.80,139.35
98.39,149.73

3
98.39,149.73
103.80,139.35
104.37,146.38

3
98.39,149.73
104.37,146.38
101.77,149.75

3
101.77,149.75
104.37,146.38
104.87,149.73

3
173.97,85.77
170.20,81.68
174.03,85.71

3
174.03,85.71
170.20,81.68
174.95,84.49

3
174.95,84.49
170.20,81.68
175.90,82.69

3
175.90,82.69
170.20,81.68
176.75,80.41

3
176.75,80.41
170.20,81.68
177.32,78.12

3
177.32,78.12
170.20,81.68
177.59,74.69

3
177.59,74.69
170.20,81.68
177.51,72.65

3
177.51,72.65
170.20,81.68
168.73,79.44

3
177.51,72.65
168.73,79.44
167.74,76.87

3
177.51,72.65
167.74,76.87
177.47,70.25

3
177.47,70.25
167.74,76.87
166.81,72.72

3
177.47,70.25
166.81,72.72
177.77,67.03

3
177.77,67.03
166.81,72.72
165.68,67.83

3
177.77,67.03
165.68,67.83
178.73,63.57

3
178.73,63.57
165.68,67.83
163.93,62.99

3
178.73,63.57
163.93,62.99
168.18,44.45

3
168.18,44.45
163.93,62.99
166.30,46.01

3
166.30,46.01
163.93,62.99
163.40,47.49

3
163.40,47.49
163.93,62.99
161.31,57.98

3
163.40,47.49
161.31,57.98
159.96,51.31

3
159.96,51.31
161.31,57.98
159.60,52.98

3
159.60,52.98
161.31,57.98
159.06,54.63

3
159.96,51.31
160.13,49.77
163.40,47.49

3
163.40,47.49
160.13,49.77
160.13,48.29

3
168.18,44.45
169.78,42.56
178.73,63.57

3
178.73,63.57
169.78,42.56
180.05,61.09

3
180.05,61.09
169.78,42.56
171.10,40.39

3
180.05,61.09
171.10,40.39
181.94,58.95

3
181.94,58.95
171.10,40.39
172.13,37.98

3
181.94,58.95
172.13,37.98
184.34,57.37

3
184.34,57.37
172.13,37.98
173.03,34.71

3
184.34,57.37
173.03,34.71
187.51,30.40

3
187.51,30.40
173.03,34.71
186.79,28.73

3
186.79,28.73
173.03,34.71
173.51,31.23

3
186.79,28.73
173.51,31.23
186.27,26.93

3
186.27,26.93
173.51,31.23
173.58,27.61

3
186.27,26.93
173.58,27.61
185.76,23.05

3
185.76,23.05
173.58,27.61
173.24,23.94

3
185.76,23.05
173.24,23.94
185.87,19.03

3
185.87,19.03
173.24,23.94
172.31,19.46

3
185.87,19.03
172.31,19.46
186.59,15.00

3
186.59,15.00
172.31,19.46
170.85,15.00

3
187.51,30.40
188.76,32.23
184.34,57.37

3
184.34,57.37
188.76,32.23
186.99,56.34

3
186.99,56.34
188.76,32.23
190.45,33.61

3
186.99,56.34
190.45,33.61
190.02,55.62

3
190.02,55.62
190.45,33.61
192.18,34.26

3
190.02,55.62
192.18,34.26
192.77,55.05

3
192.77,55.05
192.18,34.26
197.32,43.19

3
192.77,55.05
197.32,43.19
194.61,54.47

3
194.61,54.47
197.32,43.19
197.68,44.74

3
194.61,54.47
197.68,44.74
197.89,46.75

3
197.32,43.19
192.18,34.26
197.12,41.61

3
197.12,41.61
192.18,34.26
193.97,34.44

3
197.12,41.61
193.97,34.44
197.28,38.73

3
197.28,38.73
193.97,34.44
198.00,35.98

3
198.00,35.98
193.97,34.44
198.97,33.64

3
197.89,46.75
197.94,48.50
194.61,54.47

3
194.61,54.47
197.94,48.50
195.97,53.71

3
195.97,53.71
197.94,48.50
197.83,49.99

3
195.97,53.71
197.83,49.99
197.58,51.21

3
197.58,51.21
196.92,52.70
195.97,53.71

3
108.56,131.28
114.11,130.40
108.58,132.16

3
108.58,132.16
114.11,130.40
108.60,133.05

3
108.60,133.05
114.11,130.40
108.70,136.82

3
108.70,136.82
114.11,130.40
114.79,140.01

3
108.70,136.82
114.79,140.01
111.23,140.05

3
117.80,129.53
119.07,139.82
114.11,130.40

3
114.11,130.40
119.07,139.82
116.75,140.02

3
114.11,130.40
116.75,140.02
114.79,140.01

3
121.59,128.17
126.56,135.24
117.80,129.53

3
117.80,129.53
126.56,135.24
124.53,137.06

3
117.80,129.53
124.53,137.06
119.07,139.82

3
119.07,139.82
124.53,137.06
122.87,138.96

3
119.07,139.82
122.87,138.96
122.72,139.17

3
126.56,135.24
121.59,128.17
128.69,133.48

3
128.69,133.48
121.59,128.17
124.65,126.54

3
128.69,133.48
124.65,126.54
131.15,131.38

3
131.15,131.38
124.65,126.54
127.55,124.49

3
131.15,131.38
127.55,124.49
135.48,127.30

3
135.48,127.30
127.55,124.49
130.60,121.89

3
135.48,127.30
130.60,121.89
139.50,122.81

3
139.50,122.81
130.60,121.89
133.48,119.44

3
139.50,122.81
133.48,119.44
136.21,117.58

3
139.50,122.81
136.21,117.58
141.66,119.75

3
141.66,119.75
136.21,117.58
139.11,116.33

3
141.66,119.75
139.11,116.33
142.45,118.34

3
142.45,118.34
139.11,116.33
141.15,115.84

3
142.45,118.34
141.15,115.84
143.02,117.04

3
143.02,117.04
141.15,115.84
143.43,115.53

3
111.23,140.05
108.88,140.69
108.70,136.82

3
112.18,158.51
112.89,157.03
113.42,162.02

3
113.42,162.02
112.89,157.03
113.99,155.48

3
113.42,162.02
113.99,155.48
116.05,153.09

3
113.42,162.02
116.05,153.09
115.72,167.34

3
115.72,167.34
116.05,153.09
118.32,150.49

3
115.72,167.34
118.32,150.49
118.45,172.58

3
118.45,172.58
118.32,150.49
120.28,147.90

3
118.45,172.58
120.28,147.90
121.55,177.63

3
121.55,177.63
120.28,147.90
121.96,145.30

3
121.55,177.63
121.96,145.30
124.95,182.39

3
124.95,182.39
121.96,145.30
123.23,143.09

3
124.95,182.39
123.23,143.09
127.53,137.70

3
127.53,137.70
123.23,143.09
124.36,141.21

3
127.53,137.70
124.36,141.21
125.75,139.39

3
127.53,137.70
129.59,135.97
124.95,182.39

3
124.95,182.39
129.59,135.97
129.89,188.17

3
129.89,188.17
129.59,135.97
132.13,133.84

3
129.89,188.17
132.13,133.84
135.18,193.12

3
135.18,193.12
132.13,133.84
134.72,131.52

3
135.18,193.12
134.72,131.52
169.46,176.69

3
169.46,176.69
134.72,131.52
171.53,165.60

3
171.53,165.60
134.72,131.52
168.94,144.13

3
171.53,165.60
168.94,144.13
170.47,148.88

3
134.72,131.52
137.39,128.91
168.94,144.13

3
168.94,144.13
137.39,128.91
167.43,139.11

3
167.43,139.11
137.39,128.91
139.96,126.15

3
167.43,139.11
139.96,126.15
142.25,123.34

3
167.43,139.11
142.25,123.34
165.63,131.34

3
165.63,131.34
142.25,123.34
143.69,121.24

3
165.63,131.34
143.69,121.24
150.79,115.14

3
150.79,115.14
143.69,121.24
144.82,119.20

3
150.79,115.14
144.82,119.20
145.59,117.24

3
145.97,115.35
145.97,115.35
145.59,117.24

3
145.59,117.24
145.97,115.35
150.79,115.14

3
165.63,131.34
150.79,115.14
165.14,127.49

3
165.14,127.49
150.79,115.14
155.97,114.64

3
165.14,127.49
155.97,114.64
165.09,123.79

3
165.09,123.79
155.97,114.64
158.37,114.16

3
165.09,123.79
158.37,114.16
162.02,115.64

3
162.02,115.64
158.37,114.16
160.69,113.49

3
162.02,115.64
163.85,117.38
165.09,123.79

3
165.09,123.79
163.85,117.38
165.40,121.10

3
165.40,121.10
163.85,117.38
166.06,118.60

3
170.47,148.88
173.14,157.56
171.53,165.60

3
168.39,183.36
145.82,199.94
169.46,176.69

3
169.46,176.69
145.82,199.94
142.08,197.95

3
169.46,176.69
142.08,197.95
138.55,195.68

3
167.76,186.45
160.19,197.78
168.39,183.36

3
168.39,183.36
160.19,197.78
156.74,199.81

3
168.39,183.36
156.74,199.81
145.82,199.94

3
145.82,199.94
156.74,199.81
149.80,201.68

3
149.80,201.68
156.74,199.81
151.79,202.42

3
167.76,186.45
166.96,189.25
160.19,197.78

3
160.19,197.78
166.96,189.25
163.27,195.33

3
163.27,195.33
166.96,189.25
165.39,192.63

3
138.55,195.68
135.18,193.12
169.46,176.69

3
70.00,110.01
70.00,15.00
77.25,109.62

3
77.25,109.62
70.00,15.00
84.09,109.69

3
84.09,109.69
70.00,15.00
90.46,110.27

3
90.46,110.27
70.00,15.00
135.99,40.33

3
90.46,110.27
135.99,40.33
136.51,41.81

3
137.84,15.00
138.01,17.84
70.00,15.00

3
70.00,15.00
138.01,17.84
138.04,20.73

3
70.00,15.00
138.04,20.73
137.93,23.39

3
137.93,23.39
137.33,28.10
70.00,15.00

3
70.00,15.00
137.33,28.10
135.86,34.97

3
70.00,15.00
135.86,34.97
135.64,37.61

3
135.64,37.61
135.99,40.33
70.00,15.00

3
137.28,43.22
138.99,70.47
136.51,41.81

3
136.51,41.81
138.99,70.47
138.48,73.05

3
136.51,41.81
138.48,73.05
90.46,110.27

3
90.46,110.27
138.48,73.05
93.45,110.81

3
93.45,110.81
138.48,73.05
96.27,111.54

3
96.27,111.54
138.48,73.05
138.64,75.71

3
96.27,111.54
138.64,75.71
100.15,113.12

3
100.15,113.12
138.64,75.71
138.84,76.59

3
100.15,113.12
138.84,76.59
101.88,114.16

3
101.88,114.16
138.84,76.59
139.57,78.61

3
101.88,114.16
139.57,78.61
103.44,115.41

3
103.44,115.41
139.57,78.61
129.73,117.34

3
103.44,115.41
129.73,117.34
105.63,118.04

3
105.63,118.04
129.73,117.34
126.30,120.34

3
105.63,118.04
126.30,120.34
123.64,122.42

3
137.28,43.22
138.28,44.54
138.99,70.47

3
138.99,70.47
138.28,44.54
140.47,67.59

3
140.47,67.59
138.28,44.54
139.50,45.72

3
140.47,67.59
139.50,45.72
142.61,65.19

3
142.61,65.19
139.50,45.72
142.20,47.37

3
142.61,65.19
142.20,47.37
145.75,62.71

3
145.75,62.71
142.20,47.37
145.32,48.22

3
145.75,62.71
145.32,48.22
148.87,60.58

3
148.87,60.58
145.32,48.22
148.12,48.23

3
148.87,60.58
148.12,48.23
151.74,58.33

3
151.74,58.33
148.12,48.23
153.94,55.86

3
153.94,55.86
148.12,48.23
150.74,47.76

3
153.94,55.86
150.74,47.76
155.09,53.80

3
155.09,53.80
150.74,47.76
155.83,51.57

3
155.83,51.57
150.74,47.76
153.00,47.14

3
155.83,51.57
153.00,47.14
156.12,49.70

3
156.12,49.70
153.00,47.14
156.10,48.09

3
156.10,48.09
153.00,47.14
154.68,46.71

3
156.10,48.09
154.68,46.71
155.91,47.26

3
155.91,47.26
154.68,46.71
155.29,46.66

3
155.91,47.26
155.29,46.66
155.71,46.81

3
155.71,46.81
155.29,46.66
155.57,46.69

3
155.71,46.81
155.57,46.69
155.64,46.72

3
129.73,117.34
139.57,78.61
133.51,114.53

3
133.51,114.53
139.57,78.61
140.64,80.44

3
133.51,114.53
140.64,80.44
136.55,113.00

3
136.55,113.00
140.64,80.44
142.01,82.01

3
136.55,113.00
142.01,82.01
139.88,112.01

3
139.88,112.01
142.01,82.01
143.64,83.23

3
139.88,112.01
143.64,83.23
145.67,84.06

3
147.79,84.27
157.05,97.21
145.67,84.06

3
145.67,84.06
157.05,97.21
144.69,111.42

3
145.67,84.06
144.69,111.42
139.88,112.01

3
157.05,97.21
147.79,84.27
157.09,94.85

3
157.09,94.85
147.79,84.27
149.88,83.90

3
157.09,94.85
149.88,83.90
157.51,92.86

3
157.51,92.86
149.88,83.90
151.68,83.23

3
157.51,92.86
151.68,83.23
158.04,91.21

3
158.04,91.21
151.68,83.23
158.43,89.90

3
158.43,89.90
151.68,83.23
158.59,88.74

3
158.59,88.74
151.68,83.23
158.51,87.66

3
158.51,87.66
151.68,83.23
158.19,86.38

3
158.19,86.38
151.68,83.23
157.50,84.77

3
157.50,84.77
151.68,83.23
153.14,82.61

3
157.50,84.77
153.14,82.61
156.60,83.38

3
156.60,83.38
153.14,82.61
155.92,82.70

3
155.92,82.70
153.14,82.61
154.23,82.25

3
155.92,82.70
154.23,82.25
155.33,82.33

3
155.33,82.33
154.23,82.25
154.84,82.20

3
144.69,111.42
157.05,97.21
149.78,111.19

3
149.78,111.19
157.05,97.21
157.67,99.62

3
149.78,111.19
157.67,99.62
153.92,110.87

3
153.92,110.87
157.67,99.62
158.70,101.27

3
153.92,110.87
158.70,101.27
157.83,110.18

3
157.83,110.18
158.70,101.27
160.07,102.60

3
157.83,110.18
160.07,102.60
160.43,109.31

3
160.43,109.31
160.07,102.60
161.91,103.75

3
160.43,109.31
161.91,103.75
162.56,108.20

3
162.56,108.20
161.91,103.75
163.54,104.57

3
162.56,108.20
163.54,104.57
163.90,107.11

3
163.90,107.11
163.54,104.57
164.37,105.05

3
163.90,107.11
164.37,105.05
164.68,106.13

3
164.68,106.13
164.37,105.05
164.85,105.72

3
164.85,105.72
164.37,105.05
164.80,105.39

3
164.85,105.72
164.80,105.39
164.88,105.53

3
164.88,105.53
164.80,105.39
164.88,105.49

3
123.64,122.42
120.93,124.06
105.63,118.04

3
105.63,118.04
120.93,124.06
117.39,125.48

3
105.63,118.04
117.39,125.48
107.13,121.14

3
107.13,121.14
117.39,125.48
113.74,126.39

3
107.13,121.14
113.74,126.39
107.91,124.12

3
107.91,124.12
113.74,126.39
108.34,127.27

3
167.71,18.06
142.02,21.40
166.53,15.00

3
166.53,15.00
142.02,21.40
142.02,18.31

3
166.53,15.00
142.02,18.31
141.85,15.00

3
167.71,18.06
168.61,21.12
142.02,21.40

3
142.02,21.40
168.61,21.12
141.87,24.27

3
141.87,24.27
168.61,21.12
169.23,24.15

3
141.87,24.27
169.23,24.15
169.55,27.14

3
141.87,24.27
169.55,27.14
141.57,26.92

3
141.57,26.92
169.55,27.14
169.58,29.93

3
141.57,26.92
169.58,29.93
154.68,42.68

3
154.68,42.68
169.58,29.93
156.30,42.76

3
156.30,42.76
169.58,29.93
169.33,32.62

3
156.30,42.76
169.33,32.62
168.82,35.14

3
168.82,35.14
168.06,37.43
156.30,42.76

3
156.30,42.76
168.06,37.43
166.45,40.35

3
156.30,42.76
166.45,40.35
157.51,43.20

3
157.51,43.20
166.45,40.35
164.36,42.48

3
157.51,43.20
164.36,42.48
161.90,43.79

3
158.90,44.40
158.55,43.98
161.90,43.79

3
161.90,43.79
158.55,43.98
157.51,43.20

3
141.57,26.92
154.68,42.68
140.71,31.44

3
140.71,31.44
154.68,42.68
153.15,42.95

3
140.71,31.44
153.15,42.95
139.89,35.14

3
139.89,35.14
153.15,42.95
148.64,44.13

3
139.89,35.14
148.64,44.13
139.67,36.76

3
139.67,36.76
148.64,44.13
139.66,38.20

3
139.66,38.20
148.64,44.13
139.92,39.53

3
139.92,39.53
148.64,44.13
140.47,40.78

3
140.47,40.78
148.64,44.13
141.86,42.47

3
141.86,42.47
148.64,44.13
146.11,44.27

3
141.86,42.47
146.11,44.27
143.84,43.73

3
250.67,151.02
251.81,145.53
284.51,151.02

3
284.51,151.02
251.81,145.53
252.54,140.42

3
284.51,151.02
252.54,140.42
252.90,135.43

3
252.90,135.43
253.02,131.17
284.51,151.02

3
284.51,151.02
253.02,131.17
258.65,116.61

3
284.51,151.02
258.65,116.61
273.53,112.59

3
273.53,112.59
258.65,116.61
269.90,112.18

3
269.90,112.18
258.65,116.61
260.14,115.21

3
269.90,112.18
260.14,115.21
261.65,114.05

3
253.02,131.17
253.22,127.66
258.65,116.61

3
258.65,116.61
253.22,127.66
256.03,119.87

3
256.03,119.87
253.22,127.66
254.70,122.21

3
254.70,122.21
253.22,127.66
253.81,124.54

3
269.90,112.18
261.65,114.05
267.54,112.06

3
267.54,112.06
261.65,114.05
263.59,112.94

3
267.54,112.06
263.59,112.94
265.41,112.32

3
273.53,112.59
277.77,112.95
284.51,151.02

3
284.51,151.02
277.77,112.95
281.01,113.03

3
284.51,151.02
281.01,113.03
284.51,112.96

3
246.99,144.08
244.38,142.36
247.21,142.67

3
247.21,142.67
244.38,142.36
247.73,138.19

3
247.73,138.19
244.38,142.36
241.40,140.91

3
247.73,138.19
241.40,140.91
247.95,134.18

3
247.95,134.18
241.40,140.91
238.14,139.52

3
247.95,134.18
238.14,139.52
243.54,129.39

3
243.54,129.39
238.14,139.52
238.98,127.99

3
238.98,127.99
238.14,139.52
232.49,137.03

3
238.98,127.99
232.49,137.03
234.94,126.35

3
234.94,126.35
232.49,137.03
229.72,135.92

3
234.94,126.35
229.72,135.92
227.08,135.20

3
234.94,126.35
227.08,135.20
230.82,124.22

3
230.82,124.22
227.08,135.20
225.25,135.04

3
230.82,124.22
225.25,135.04
226.94,121.78

3
226.94,121.78
225.25,135.04
223.64,135.11

3
226.94,121.78
223.64,135.11
218.07,133.64

3
218.07,133.64
223.64,135.11
222.15,135.22

3
218.07,133.64
222.15,135.22
219.50,134.57

3
219.50,134.57
222.15,135.22
220.80,135.07

3
218.07,133.64
216.16,131.83
226.94,121.78

3
226.94,121.78
216.16,131.83
214.58,129.69

3
226.94,121.78
214.58,129.69
213.57,127.62

3
226.94,121.78
213.57,127.62
223.19,119.09

3
223.19,119.09
213.57,127.62
213.01,125.56

3
223.19,119.09
213.01,125.56
212.74,122.78

3
223.19,119.09
212.74,122.78
220.35,116.93

3
220.35,116.93
212.74,122.78
212.64,119.65

3
220.35,116.93
212.64,119.65
217.85,115.06

3
217.85,115.06
212.64,119.65
212.45,116.28

3
217.85,115.06
212.45,116.28
216.13,113.92

3
216.13,113.92
212.45,116.28
214.62,113.15

3
214.62,113.15
212.45,116.28
212.05,112.50

3
248.04,130.36
248.00,132.24
243.54,129.39

3
243.54,129.39
248.00,132.24
247.95,134.18

3
211.39,201.73
207.73,200.19
214.83,199.86

3
214.83,199.86
207.73,200.19
204.12,198.22

3
214.83,199.86
204.12,198.22
218.02,197.80

3
218.02,197.80
204.12,198.22
222.56,143.37

3
218.02,197.80
222.56,143.37
220.97,195.56

3
220.97,195.56
222.56,143.37
223.68,193.18

3
223.68,193.18
222.56,143.37
225.52,146.22

3
223.68,193.18
225.52,146.22
226.34,190.51

3
226.34,190.51
225.52,146.22
228.77,187.70

3
228.77,187.70
225.52,146.22
228.90,148.67

3
228.77,187.70
228.90,148.67
233.09,181.60

3
233.09,181.60
228.90,148.67
236.35,175.83

3
236.35,175.83
228.90,148.67
232.58,150.73

3
236.35,175.83
232.58,150.73
239.34,169.39

3
239.34,169.39
232.58,150.73
236.31,152.40

3
239.34,169.39
236.31,152.40
241.54,163.84

3
241.54,163.84
236.31,152.40
239.53,153.87

3
241.54,163.84
239.53,153.87
241.59,155.18

3
204.12,198.22
200.00,195.19
222.56,143.37

3
222.56,143.37
200.00,195.19
190.83,158.44

3
222.56,143.37
190.83,158.44
191.90,153.76

3
200.00,195.19
198.06,193.31
190.83,158.44

3
190.83,158.44
198.06,193.31
196.23,191.13

3
190.83,158.44
196.23,191.13
194.85,189.13

3
194.85,189.13
193.57,186.90
190.83,158.44

3
190.83,158.44
193.57,186.90
191.35,181.82

3
190.83,158.44
191.35,181.82
190.17,178.15

3
190.17,178.15
189.21,174.27
190.83,158.44

3
190.83,158.44
189.21,174.27
189.43,162.74

3
189.43,162.74
189.21,174.27
187.87,166.19

3
192.60,148.56
214.99,134.24
191.90,153.76

3
191.90,153.76
214.99,134.24
217.07,136.01

3
191.90,153.76
217.07,136.01
220.46,140.50

3
220.46,140.50
217.07,136.01
219.66,138.83

3
219.66,138.83
217.07,136.01
219.26,137.20

3
214.99,134.24
192.60,148.56
212.97,131.80

3
212.97,131.80
192.60,148.56
192.81,143.84

3
212.97,131.80
192.81,143.84
211.49,129.15

3
211.49,129.15
192.81,143.84
192.78,139.05

3
211.49,129.15
192.78,139.05
192.78,134.71

3
211.49,129.15
192.78,134.71
210.64,126.43

3
210.64,126.43
192.78,134.71
193.03,130.44

3
210.64,126.43
193.03,130.44
194.16,123.71

3
210.64,126.43
194.16,123.71
210.29,123.76

3
210.29,123.76
194.16,123.71
194.69,120.62

3
210.29,123.76
194.69,120.62
200.70,112.03

3
200.70,112.03
194.69,120.62
194.71,117.62

3
200.70,112.03
194.71,117.62
195.72,112.66

3
195.72,112.66
194.71,117.62
194.81,113.81

3
194.81,113.81
194.71,117.62
194.35,116.12

3
194.81,113.81
194.35,116.12
193.66,114.72

3
195.72,112.66
196.34,111.34
200.70,112.03

3
200.70,112.03
204.87,112.29
210.29,123.76

3
210.29,123.76
204.87,112.29
210.04,117.55

3
210.04,117.55
204.87,112.29
207.35,112.33

3
210.04,117.55
207.35,112.33
209.51,112.36

3
220.46,140.50
222.56,143.37
191.90,153.76

3
241.59,155.18
242.96,156.72
241.54,163.84

3
241.54,163.84
242.96,156.72
243.54,158.02

3
248.36,126.15
244.36,125.26
249.06,122.99

3
249.06,122.99
244.36,125.26
240.32,124.01

3
249.06,122.99
240.32,124.01
250.30,119.84

3
250.30,119.84
240.32,124.01
236.28,122.34

3
250.30,119.84
236.28,122.34
251.70,117.35

3
251.70,117.35
236.28,122.34
232.13,120.12

3
251.70,117.35
232.13,120.12
253.42,114.97

3
253.42,114.97
232.13,120.12
228.30,117.61

3
253.42,114.97
228.30,117.61
243.43,92.37

3
243.43,92.37
228.30,117.61
238.13,91.61

3
238.13,91.61
228.30,117.61
224.54,114.85

3
238.13,91.61
224.54,114.85
221.75,112.71

3
238.13,91.61
221.75,112.71
233.01,90.21

3
233.01,90.21
221.75,112.71
219.13,110.85

3
233.01,90.21
219.13,110.85
229.64,88.88

3
229.64,88.88
219.13,110.85
216.81,109.54

3
229.64,88.88
216.81,109.54
226.56,87.30

3
226.56,87.30
216.81,109.54
214.37,108.66

3
226.56,87.30
214.37,108.66
223.84,85.47

3
223.84,85.47
214.37,108.66
210.90,108.20

3
223.84,85.47
210.90,108.20
204.89,83.40

3
204.89,83.40
210.90,108.20
206.95,108.13

3
204.89,83.40
206.95,108.13
203.79,83.66

3
203.79,83.66
206.95,108.13
193.56,95.33

3
203.79,83.66
193.56,95.33
193.27,93.92

3
193.56,95.33
206.95,108.13
193.52,96.80

3
193.52,96.80
206.95,108.13
203.22,108.02

3
193.52,96.80
203.22,108.02
193.03,98.39

3
193.03,98.39
203.22,108.02
199.32,107.63

3
193.03,98.39
199.32,107.63
196.12,106.95

3
193.03,98.39
196.12,106.95
192.29,99.74

3
192.29,99.74
196.12,106.95
193.38,105.95

3
192.29,99.74
193.38,105.95
191.39,101.12

3
191.39,101.12
193.38,105.95
191.87,105.07

3
191.39,101.12
191.87,105.07
190.72,102.23

3
190.72,102.23
191.87,105.07
190.91,104.22

3
190.72,102.23
190.91,104.22
190.50,102.84

3
190.50,102.84
190.91,104.22
190.57,103.69

3
190.50,102.84
190.57,103.69
190.46,103.28

3
203.79,83.66
193.27,93.92
201.31,83.44

3
201.31,83.44
193.27,93.92
192.33,91.87

3
201.31,83.44
192.33,91.87
191.26,90.10

3
201.31,83.44
191.26,90.10
196.95,82.32

3
196.95,82.32
191.26,90.10
190.43,88.50

3
196.95,82.32
190.43,88.50
194.89,82.13

3
194.89,82.13
190.43,88.50
189.99,87.10

3
194.89,82.13
189.99,87.10
189.99,85.68

3
189.99,85.68
190.49,84.41
194.89,82.13

3
194.89,82.13
190.49,84.41
193.15,82.38

3
193.15,82.38
190.49,84.41
191.58,83.19

3
204.89,83.40
205.94,82.80
223.84,85.47

3
223.84,85.47
205.94,82.80
221.53,83.40

3
221.53,83.40
205.94,82.80
206.75,81.90

3
221.53,83.40
206.75,81.90
220.07,81.65

3
220.07,81.65
206.75,81.90
207.25,80.86

3
220.07,81.65
207.25,80.86
218.93,79.75

3
218.93,79.75
207.25,80.86
207.58,79.04

3
218.93,79.75
207.58,79.04
218.13,77.72

3
218.13,77.72
207.58,79.04
207.52,77.11

3
218.13,77.72
207.52,77.11
217.69,75.60

3
217.69,75.60
207.52,77.11
206.86,73.21

3
217.69,75.60
206.86,73.21
217.72,72.53

3
217.72,72.53
206.86,73.21
214.55,69.08

3
217.72,72.53
214.55,69.08
216.50,69.21

3
205.84,69.25
210.15,69.01
206.86,73.21

3
206.86,73.21
210.15,69.01
214.55,69.08

3
216.50,69.21
218.44,69.39
217.72,72.53

3
253.42,114.97
243.43,92.37
255.39,112.79

3
255.39,112.79
243.43,92.37
248.66,92.36

3
255.39,112.79
248.66,92.36
257.53,110.87

3
257.53,110.87
248.66,92.36
251.17,92.04

3
257.53,110.87
251.17,92.04
260.61,108.84

3
260.61,108.84
251.17,92.04
253.57,91.50

3
260.61,108.84
253.57,91.50
263.79,107.57

3
263.79,107.57
253.57,91.50
255.83,90.70

3
263.79,107.57
255.83,90.70
257.92,89.65

3
263.79,107.57
257.92,89.65
266.77,107.09

3
266.77,107.09
257.92,89.65
259.81,88.34

3
266.77,107.09
259.81,88.34
269.58,107.13

3
269.58,107.13
259.81,88.34
261.47,86.78

3
269.58,107.13
261.47,86.78
276.11,107.83

3
276.11,107.83
261.47,86.78
262.88,84.96

3
276.11,107.83
262.88,84.96
280.06,108.02

3
280.06,108.02
262.88,84.96
264.02,82.94

3
280.06,108.02
264.02,82.94
284.51,107.96

3
284.51,107.96
264.02,82.94
264.90,80.75

3
284.51,107.96
264.90,80.75
265.54,78.42

3
265.54,78.42
266.14,74.52
284.51,107.96

3
284.51,107.96
266.14,74.52
284.51,41.62

3
284.51,41.62
266.14,74.52
266.34,70.44

3
284.51,41.62
266.34,70.44
266.13,62.18

3
266.13,62.18
266.02,56.33
284.51,41.62

3
284.51,41.62
266.02,56.33
266.12,53.66

3
284.51,41.62
266.12,53.66
281.44,41.38

3
281.44,41.38
266.12,53.66
278.69,41.36

3
278.69,41.36
266.12,53.66
266.40,51.21

3
278.69,41.36
266.40,51.21
266.80,49.36

3
278.69,41.36
266.80,49.36
276.26,41.57

3
276.26,41.57
266.80,49.36
267.35,47.72

3
276.26,41.57
267.35,47.72
274.15,41.98

3
274.15,41.98
267.35,47.72
268.06,46.29

3
274.15,41.98
268.06,46.29
272.50,42.53

3
272.50,42.53
268.06,46.29
271.10,43.23

3
271.10,43.23
268.06,46.29
268.93,45.06

3
271.10,43.23
268.93,45.06
269.92,44.07

3
201.09,29.32
198.28,29.70
201.37,28.74

3
201.37,28.74
198.28,29.70
203.13,24.23

3
203.13,24.23
198.28,29.70
189.85,24.08

3
203.13,24.23
189.85,24.08
189.76,20.51

3
198.28,29.70
196.14,30.14
189.85,24.08

3
189.85,24.08
196.14,30.14
190.42,26.92

3
190.42,26.92
196.14,30.14
190.85,28.09

3
190.85,28.09
196.14,30.14
194.41,30.42

3
190.85,28.09
194.41,30.42
191.34,29.02

3
191.34,29.02
194.41,30.42
193.33,30.42

3
191.34,29.02
193.33,30.42
191.95,29.78

3
191.95,29.78
193.33,30.42
192.57,30.20

3
203.13,24.23
189.76,20.51
203.79,21.80

3
203.79,21.80
189.76,20.51
190.26,16.84

3
203.79,21.80
190.26,16.84
204.26,19.21

3
204.26,19.21
190.26,16.84
190.74,15.00

3
204.26,19.21
190.74,15.00
204.47,17.16

3
204.47,17.16
190.74,15.00
204.56,15.00

3
174.15,151.51
173.08,148.15
174.44,149.39

3
174.44,149.39
173.08,148.15
175.03,144.04

3
175.03,144.04
173.08,148.15
175.47,138.24

3
175.47,138.24
173.08,148.15
169.92,138.00

3
175.47,138.24
169.92,138.00
175.74,132.00

3
175.74,132.00
169.92,138.00
172.15,114.47

3
175.74,132.00
172.15,114.47
175.83,125.30

3
175.83,125.30
172.15,114.47
173.76,113.95

3
175.83,125.30
173.76,113.95
175.77,119.57

3
175.77,119.57
173.76,113.95
175.59,113.54

3
168.25,130.61
169.24,117.99
169.92,138.00

3
169.92,138.00
169.24,117.99
170.20,116.46

3
169.92,138.00
170.20,116.46
172.15,114.47

3
167.83,127.06
168.04,121.64
168.25,130.61

3
168.25,130.61
168.04,121.64
168.52,119.72

3
168.25,130.61
168.52,119.72
169.24,117.99

3
167.83,127.06
167.79,123.77
168.04,121.64

