num polygons
296

10
30.37,159.44
37.45,156.22
37.96,152.91
38.84,149.70
33.94,144.14
27.98,143.01
23.37,142.71
19.61,143.07
15.02,144.86
15.02,149.13

5
35.00,160.24
37.29,159.60
37.45,156.22
30.37,159.44
32.62,160.19

4
47.99,22.32
43.03,23.61
42.99,24.87
43.38,29.06

5
56.89,21.15
52.62,21.49
47.99,22.32
43.38,29.06
44.42,33.68

4
37.53,30.43
37.00,25.53
15.02,25.53
15.02,29.13

6
36.82,43.16
40.24,40.64
38.65,35.32
37.53,30.43
15.02,29.13
32.76,40.68

3
41.75,45.43
40.24,40.64
36.82,43.16

15
40.02,62.51
40.39,62.77
40.76,63.02
41.36,60.66
42.75,56.46
43.20,54.55
43.27,52.38
41.89,51.90
40.53,51.39
34.46,48.70
29.28,45.57
15.02,37.13
15.02,42.32
29.95,54.83
34.75,58.67

8
26.65,76.45
29.28,73.63
31.12,63.44
26.09,59.43
15.02,48.13
21.70,85.78
22.81,82.67
24.49,79.47

5
20.72,92.25
21.02,88.98
21.70,85.78
15.02,48.13
15.02,138.52

5
21.38,99.67
20.80,95.55
20.72,92.25
15.02,138.52
18.43,137.18

5
23.85,136.71
25.41,111.57
22.40,103.75
21.38,99.67
18.43,137.18

5
29.93,137.23
32.75,125.32
29.17,118.85
25.41,111.57
23.85,136.71

4
40.10,146.59
40.27,146.23
40.45,145.88
33.94,144.14

3
38.84,149.70
40.10,146.59
33.94,144.14

6
51.86,155.54
56.87,155.15
52.50,153.61
50.09,154.48
48.01,155.52
46.62,156.48

6
46.11,165.08
52.62,161.49
47.99,162.32
43.03,163.61
42.99,164.88
43.01,165.08

9
59.76,165.08
62.69,165.08
60.75,161.32
56.89,161.15
52.62,161.49
46.11,165.08
48.25,165.08
50.21,165.08
52.98,165.08

11
81.59,161.21
85.38,157.75
89.46,154.85
94.18,152.19
84.61,151.96
77.50,151.72
70.04,151.62
65.81,156.23
68.52,157.20
71.33,158.64
73.91,160.42

4
78.42,164.92
81.59,161.21
73.91,160.42
76.28,162.53

12
105.02,165.08
116.27,165.08
118.38,165.08
119.39,164.63
98.24,156.88
93.21,159.58
89.10,162.45
86.22,165.08
86.22,165.08
92.83,165.08
96.96,165.08
99.80,165.08

4
119.39,164.63
124.53,162.78
104.56,154.23
98.24,156.88

10
135.96,160.37
142.20,159.79
143.49,159.72
142.64,158.23
141.23,156.05
139.36,153.69
111.56,151.89
104.56,154.23
124.53,162.78
130.06,161.36

18
162.03,162.64
166.98,163.05
170.89,163.14
174.40,163.01
177.81,162.61
176.44,161.56
171.33,158.08
165.78,154.68
161.07,151.84
156.90,149.18
146.82,153.60
148.35,156.12
149.21,157.56
149.99,158.64
150.88,159.48
152.14,160.26
154.37,161.14
157.34,161.90

9
309.76,165.08
309.76,165.08
309.76,160.51
309.76,153.82
309.76,153.82
309.37,153.86
307.00,154.31
307.48,165.08
308.85,165.08

6
309.76,147.86
309.76,147.22
309.76,146.98
309.14,147.13
305.55,147.10
308.01,147.99

13
309.76,79.29
309.76,68.17
309.76,61.36
309.76,59.75
309.76,57.41
309.76,57.37
309.76,57.37
308.00,56.67
304.70,63.61
303.38,68.01
303.07,72.46
303.75,77.20
305.33,82.29

20
303.01,36.27
307.16,35.51
309.60,35.32
309.76,35.33
309.76,35.04
309.76,34.29
309.76,28.49
309.76,15.00
309.76,15.00
305.45,15.00
305.31,15.00
301.80,16.06
297.80,17.46
295.85,19.49
294.62,21.64
294.04,24.00
294.14,26.81
294.66,29.15
295.55,31.74
296.80,34.55

5
288.13,27.13
288.03,23.98
288.52,20.96
281.25,23.48
274.00,25.32

7
281.64,36.29
289.34,32.28
288.13,27.13
274.00,25.32
269.54,25.86
267.28,32.94
272.96,34.53

7
270.75,19.74
273.83,19.24
277.11,18.44
284.05,16.21
256.64,15.59
259.87,17.88
263.35,19.34

6
284.05,16.21
287.28,15.00
274.16,15.00
256.01,15.00
256.01,15.00
256.64,15.59

9
250.67,25.15
254.49,21.53
250.38,18.02
247.26,15.00
247.26,15.00
246.36,15.00
239.58,18.14
242.90,20.15
246.07,22.18

7
245.69,15.00
244.96,15.00
243.11,15.00
239.68,15.00
239.39,15.00
239.29,15.56
239.33,16.69

4
246.36,15.00
245.69,15.00
239.33,16.69
239.58,18.14

5
231.93,23.48
233.14,21.44
231.05,20.40
228.88,19.40
229.12,26.93

14
217.58,36.38
225.55,30.16
229.12,26.93
228.88,19.40
221.41,16.55
215.91,15.00
211.92,15.00
210.60,15.64
207.94,16.92
203.51,19.03
199.43,20.94
201.84,30.90
206.02,32.63
209.13,34.73

4
201.84,30.90
199.43,20.94
195.70,22.64
197.89,29.80

10
189.27,18.91
194.49,16.61
197.97,15.00
197.97,15.00
192.66,15.00
180.10,15.00
178.03,15.00
178.85,15.58
182.05,18.14
184.82,20.67

6
174.40,23.01
178.01,22.58
176.34,21.21
171.27,17.63
166.98,23.05
170.89,23.14

7
166.98,23.05
171.27,17.63
166.81,15.00
166.81,15.00
165.18,15.00
157.34,21.90
162.03,22.64

5
165.18,15.00
164.85,15.00
152.14,20.26
154.37,21.14
157.34,21.90

7
163.67,15.00
162.78,15.00
159.91,15.00
151.76,15.00
147.67,15.00
148.35,16.13
149.21,17.56

4
142.20,19.79
143.49,19.72
142.64,18.23
135.96,20.37

10
130.06,21.36
135.96,20.37
142.64,18.23
141.23,16.05
140.40,15.00
137.78,15.00
119.75,15.00
110.59,15.00
108.96,15.00
124.53,22.78

10
114.52,26.97
116.89,25.75
119.39,24.63
124.53,22.78
108.96,15.00
102.31,15.00
99.19,16.36
94.12,19.10
101.69,26.66
107.68,26.32

6
96.20,27.45
101.69,26.66
94.12,19.10
89.93,21.94
86.37,25.04
91.44,28.17

4
78.45,24.96
82.07,20.86
73.93,20.43
76.30,22.55

9
82.07,20.86
86.48,17.03
89.42,15.00
89.42,15.00
85.77,15.00
83.06,15.00
68.52,17.20
71.34,18.64
73.93,20.43

8
83.06,15.00
72.18,15.00
69.05,15.00
66.96,15.00
64.00,15.00
62.95,15.58
65.81,16.23
68.52,17.20

10
62.06,15.00
56.88,15.15
56.94,15.00
56.46,15.00
55.43,15.00
51.00,15.00
49.03,15.00
48.04,15.49
51.86,15.53
46.61,16.47

16
63.32,50.91
67.01,43.93
70.46,37.60
72.64,33.75
71.34,26.10
69.04,24.28
66.54,22.88
63.80,21.90
60.75,21.32
56.89,21.15
44.42,33.68
47.79,44.68
48.60,47.77
51.10,48.47
53.62,49.10
58.66,50.17

15
57.58,71.98
65.31,67.35
64.97,64.06
64.16,60.60
62.91,56.91
58.40,56.22
53.55,55.25
51.41,54.74
48.94,56.44
48.43,58.40
46.98,62.84
46.55,64.63
46.21,66.59
49.80,68.68
53.94,70.72

6
37.15,67.82
36.88,67.63
36.61,67.45
31.12,63.44
29.28,73.63
32.35,71.02

8
44.73,89.10
48.34,87.05
52.42,84.74
55.79,82.99
31.25,80.29
29.67,82.48
28.44,84.76
27.55,87.11

4
40.12,91.26
41.98,90.50
44.73,89.10
27.55,87.11

4
38.39,95.57
26.75,91.73
26.73,92.11
26.79,95.07

7
34.68,108.65
41.95,101.34
38.39,95.57
26.79,95.07
27.20,98.13
28.93,104.41
30.06,107.27

4
33.02,109.33
34.68,108.65
30.06,107.27
31.35,110.09

6
38.10,122.60
41.69,112.70
36.83,114.25
34.12,115.42
34.43,115.96
34.73,116.50

7
38.92,139.21
36.17,134.16
36.08,133.72
34.83,129.72
32.75,125.32
29.93,137.23
34.35,138.07

5
52.14,133.14
56.37,130.35
51.76,131.03
47.29,132.34
48.35,136.13

5
46.90,137.45
48.35,136.13
47.29,132.34
43.05,134.24
45.54,138.81

11
67.67,145.65
74.46,145.65
83.11,138.09
80.14,137.59
55.15,138.37
52.09,140.83
51.11,141.72
50.19,142.63
55.16,144.28
59.89,145.90
60.60,146.05

7
62.95,155.58
65.81,156.23
70.04,151.62
63.99,151.80
58.02,152.41
52.50,153.61
56.87,155.15

4
64.92,165.08
63.80,161.90
60.75,161.32
62.69,165.08

4
66.99,165.08
66.54,162.88
63.80,161.90
64.92,165.08

5
69.30,165.08
69.04,164.28
66.54,162.88
66.99,165.08
67.65,165.08

6
90.75,146.14
98.75,146.18
90.62,142.33
83.11,138.09
74.46,145.65
82.90,145.89

5
103.18,141.53
107.15,139.94
103.74,140.49
100.15,140.24
101.65,140.89

5
113.12,145.19
121.29,143.18
107.15,139.94
103.18,141.53
108.05,143.41

6
139.36,153.69
136.32,150.66
132.22,147.27
127.83,147.99
119.89,149.65
111.56,151.89

8
156.90,149.18
154.13,147.18
151.88,145.26
150.24,145.43
148.64,145.58
142.76,148.53
144.69,150.70
146.82,153.60

5
189.24,158.92
194.49,156.61
175.35,153.53
180.69,157.24
184.78,160.69

11
194.93,165.08
195.85,165.08
196.77,165.08
199.23,165.08
199.43,160.94
195.70,162.64
192.29,164.14
190.04,165.08
191.49,165.08
192.20,165.08
192.61,165.08

6
230.63,165.08
231.93,163.48
233.06,161.59
227.64,159.46
227.68,165.08
228.75,165.08

9
246.96,162.45
254.70,161.81
249.24,157.63
244.33,153.03
241.20,150.05
238.01,150.08
238.43,153.71
239.51,158.02
243.33,160.17

11
255.13,165.08
255.90,165.08
256.62,165.08
258.15,165.08
259.19,165.08
259.44,164.29
254.70,161.81
246.96,162.45
250.94,165.08
250.94,165.08
251.32,165.08

13
274.90,159.58
280.59,157.99
288.58,154.84
284.05,152.51
279.69,149.89
275.52,146.98
275.03,146.89
254.70,154.38
258.94,157.37
261.48,158.65
264.07,159.55
266.76,160.07
269.56,160.22

7
284.84,165.08
288.05,165.08
288.02,164.22
288.41,161.42
282.56,163.66
277.58,165.08
277.58,165.08

12
303.98,165.08
305.75,165.08
307.48,165.08
307.00,154.31
304.39,155.02
301.24,156.09
297.84,157.43
295.86,159.47
294.62,161.64
294.04,164.00
294.08,165.08
295.29,165.08

13
302.34,149.38
308.01,147.99
305.55,147.10
304.52,146.49
303.65,145.66
303.00,144.65
291.70,140.04
289.62,142.32
287.17,144.36
284.58,145.87
288.35,148.02
292.24,149.92
296.24,151.59

7
303.00,144.65
302.22,141.02
301.25,137.81
300.12,135.05
295.57,134.28
293.68,137.36
291.70,140.04

5
300.12,135.05
298.83,132.72
298.12,131.71
297.38,130.79
295.57,134.28

12
304.67,130.78
306.15,133.83
306.31,133.25
307.61,127.49
308.39,122.00
308.68,116.79
301.22,116.85
301.82,119.42
301.64,122.08
300.38,125.31
301.69,126.62
302.91,128.09

9
308.68,116.79
308.49,111.83
308.13,108.86
307.60,105.98
305.93,106.30
304.30,106.56
298.14,106.97
299.53,114.07
301.22,116.85

5
302.90,100.69
306.02,100.18
304.88,96.98
299.02,82.45
300.05,100.94

8
297.49,100.93
300.05,100.94
299.02,82.45
298.28,80.04
296.26,80.14
294.73,82.74
291.30,88.11
295.26,100.65

3
298.28,80.04
297.69,77.61
296.26,80.14

4
308.40,89.71
309.76,87.72
309.76,79.29
305.33,82.29

6
297.65,64.47
299.21,61.18
299.53,60.45
295.19,62.64
290.85,64.75
296.01,67.83

4
291.96,75.56
296.01,67.83
290.85,64.75
283.54,68.03

8
287.60,59.65
295.71,55.66
303.92,51.35
296.57,44.44
286.40,48.16
275.77,51.95
269.68,53.71
279.79,63.07

4
309.24,41.34
308.35,41.41
307.39,41.53
303.92,51.35

4
291.62,37.62
289.34,32.28
281.64,36.29
286.47,37.01

7
267.28,32.94
269.54,25.86
265.27,25.78
264.80,27.47
264.02,29.07
263.21,30.17
262.25,31.14

3
270.75,19.74
263.35,19.34
266.78,19.88

8
256.76,27.52
257.77,27.02
258.96,25.84
259.43,24.33
256.85,23.06
254.49,21.53
250.67,25.15
255.44,27.95

10
249.02,40.14
249.85,35.20
250.35,33.74
250.95,32.32
244.90,28.58
239.20,24.91
238.78,24.65
238.36,24.39
235.57,28.65
232.07,32.45

7
247.04,46.74
250.29,47.49
249.50,45.08
249.09,42.63
249.02,40.14
237.83,45.85
243.39,46.15

6
237.83,45.85
249.02,40.14
232.07,32.45
226.70,36.85
221.66,40.78
231.76,46.13

4
213.63,40.57
217.58,36.38
209.13,34.73
211.77,37.50

13
203.86,51.06
208.62,49.96
209.90,49.69
209.42,46.67
208.57,43.93
207.01,41.15
204.92,39.03
202.46,37.56
199.55,36.47
193.28,34.77
189.73,40.27
186.23,45.39
199.75,52.43

4
195.62,54.57
199.75,52.43
186.23,45.39
183.04,49.79

8
193.28,28.40
195.32,29.11
197.89,29.80
195.70,22.64
192.29,24.14
189.27,25.40
189.88,26.02
191.49,27.41

12
182.85,39.74
185.32,36.05
187.83,32.16
187.15,31.64
186.51,31.10
184.76,29.37
180.10,28.28
177.02,28.79
173.94,29.06
170.65,29.15
166.87,34.27
164.13,37.23

4
177.69,46.91
182.85,39.74
164.13,37.23
161.27,39.71

14
159.30,33.54
161.42,31.40
163.54,28.82
160.40,28.48
157.32,28.01
153.10,27.03
143.97,25.71
138.78,26.08
133.88,26.74
129.30,27.69
126.20,28.54
123.27,29.55
131.99,33.44
137.43,35.90

3
153.10,27.03
149.45,25.62
143.97,25.71

5
164.85,15.00
164.48,15.00
164.13,15.00
150.88,19.48
152.14,20.26

4
164.13,15.00
163.67,15.00
149.99,18.64
150.88,19.48

3
163.67,15.00
149.21,17.56
149.99,18.64

4
106.39,32.56
106.66,32.33
99.40,33.02
101.08,37.70

11
94.74,46.13
97.01,42.73
101.08,37.70
99.40,33.02
93.29,33.97
87.40,34.53
83.44,34.38
79.69,33.70
77.05,38.12
74.32,43.02
87.74,49.90

4
87.25,28.53
91.44,28.17
86.37,25.04
83.42,28.34

3
74.84,30.13
71.34,26.10
72.64,33.75

5
84.11,50.30
87.74,49.90
74.32,43.02
72.13,47.07
77.85,50.95

5
73.98,51.27
77.85,50.95
72.13,47.07
69.84,51.40
70.41,51.40

3
51.41,54.74
49.26,54.19
48.94,56.44

9
55.79,82.99
59.17,81.67
56.77,77.94
52.06,76.45
47.32,74.16
42.84,71.56
37.44,74.74
33.20,78.18
31.25,80.29

6
61.60,81.16
64.04,81.17
63.45,77.87
60.12,78.29
56.77,77.94
59.17,81.67

15
59.12,108.34
59.90,108.64
66.87,103.97
64.48,99.99
62.30,95.65
60.82,91.82
59.69,87.84
56.64,89.28
53.25,91.15
49.88,93.09
46.78,94.81
45.33,95.56
48.34,99.90
51.35,103.29
55.18,106.33

8
47.47,125.95
54.47,124.51
55.91,113.55
51.14,112.33
46.32,112.04
41.69,112.70
38.10,122.60
40.84,128.62

6
80.14,137.59
77.05,136.62
72.14,134.45
62.55,133.72
58.65,136.00
55.15,138.37

10
108.24,132.86
110.39,131.15
115.99,125.77
113.49,123.06
111.14,121.52
91.79,129.71
94.17,131.32
96.39,132.59
98.46,133.53
100.35,134.15

4
106.04,134.00
108.24,132.86
100.35,134.15
103.41,134.51

18
128.91,141.72
130.35,141.49
137.12,136.99
142.54,133.12
148.61,129.34
144.92,127.50
140.95,128.62
136.51,130.06
131.60,131.81
130.61,132.00
127.27,131.80
124.24,131.10
118.53,131.49
116.50,133.57
113.93,136.04
110.83,138.31
107.15,139.94
121.29,143.18

3
137.12,136.99
130.35,141.49
131.74,141.28

4
148.64,145.58
144.57,145.93
140.44,146.29
142.76,148.53

4
164.80,147.08
167.64,143.70
160.43,144.32
160.62,144.45

17
194.49,156.61
199.67,154.21
205.52,151.42
196.98,148.11
188.33,145.40
185.45,144.75
182.54,144.24
182.24,144.40
181.94,144.56
181.63,144.71
180.78,144.00
178.00,143.72
175.21,143.57
167.64,143.70
164.80,147.08
169.70,150.03
175.35,153.53

5
203.11,165.08
203.51,159.03
199.43,160.94
199.23,165.08
200.75,165.08

6
215.48,165.08
218.79,165.08
207.94,156.92
203.51,159.03
203.11,165.08
204.83,165.08

9
218.79,165.08
224.02,165.08
227.68,165.08
227.64,159.46
221.72,157.39
217.51,155.94
213.19,154.38
210.51,155.68
207.94,156.92

6
212.16,147.58
214.77,144.95
217.36,142.71
197.66,141.98
204.20,144.44
208.22,146.04

4
232.54,154.90
232.21,152.83
232.03,150.82
218.31,149.87

4
241.20,150.05
238.22,147.47
238.05,148.70
238.01,150.08

12
275.03,146.89
270.86,145.65
267.44,144.23
266.08,143.67
264.94,143.24
262.87,143.65
256.03,144.04
249.73,143.73
246.11,143.60
243.12,143.72
250.52,150.66
254.70,154.38

10
295.37,121.94
295.80,120.72
295.85,119.81
295.59,118.95
294.86,117.84
293.54,116.62
290.52,114.87
285.74,119.05
286.82,119.28
291.14,120.35

5
297.09,111.78
299.53,114.07
298.14,106.97
295.28,106.74
293.81,109.78

5
293.81,109.78
295.28,106.74
292.56,106.16
292.22,106.06
290.06,108.26

6
292.44,99.71
295.26,100.65
291.30,88.11
287.39,93.64
288.69,96.18
290.25,98.13

13
281.27,85.11
282.75,86.55
284.07,88.02
286.97,83.79
291.96,75.56
283.54,68.03
276.08,70.77
270.05,72.33
270.27,72.75
270.47,73.16
271.49,75.84
271.98,78.59
277.00,81.74

13
272.06,65.69
279.79,63.07
269.68,53.71
264.06,54.82
264.11,56.06
263.77,58.87
263.24,61.33
263.02,62.81
263.02,63.92
263.22,64.70
263.69,65.46
264.45,66.21
265.60,67.02

5
280.99,43.77
283.86,42.70
276.01,41.35
268.97,39.69
273.70,46.30

6
268.97,39.69
262.21,37.55
256.28,35.09
255.22,38.50
255.02,41.36
255.43,44.04

15
237.95,66.85
244.36,64.15
243.98,61.14
242.82,56.73
241.00,51.95
239.71,51.88
234.89,51.93
229.62,52.38
222.55,53.41
215.95,54.61
215.74,56.77
215.40,58.87
214.32,63.12
221.67,67.56
228.08,67.30

7
224.38,47.04
231.76,46.13
221.66,40.78
219.23,43.17
217.50,45.61
216.39,48.42
217.37,48.24

13
206.36,65.45
206.54,65.52
206.72,65.58
207.22,64.65
207.68,63.69
209.00,59.96
209.80,55.84
207.48,56.35
203.06,57.58
199.47,59.25
198.35,59.94
197.22,60.72
201.66,63.31

5
193.55,65.52
192.91,65.13
192.27,64.74
191.90,65.03
186.12,69.12

8
198.12,76.12
203.00,70.58
202.55,70.40
197.76,68.02
193.55,65.52
186.12,69.12
179.93,72.90
193.16,81.08

7
185.92,83.34
190.90,83.13
192.03,82.12
193.16,81.08
179.93,72.90
173.96,76.01
180.37,84.04

11
172.50,70.05
181.86,64.74
186.32,61.70
186.13,61.62
182.14,60.37
177.47,59.51
171.47,58.95
164.55,58.64
148.33,62.90
154.73,67.12
157.11,69.06

7
188.21,55.99
189.94,56.71
191.60,57.51
195.62,54.57
183.04,49.79
179.90,53.81
184.25,54.72

7
167.23,52.73
172.75,53.02
177.69,46.91
161.27,39.71
158.30,41.69
155.21,43.15
161.33,52.56

6
151.19,38.12
155.22,36.54
157.25,35.23
159.30,33.54
137.43,35.90
142.53,37.71

5
126.45,37.47
120.18,34.78
115.52,33.33
113.95,34.34
110.55,36.90

18
124.12,52.55
130.34,52.15
133.35,52.12
136.38,47.27
139.17,42.96
136.03,41.82
132.94,40.49
126.45,37.47
110.55,36.90
107.55,39.62
104.94,42.40
102.71,45.12
104.66,50.80
109.97,52.86
112.44,54.01
115.00,55.29
116.73,54.42
118.57,53.72

4
104.66,50.80
102.71,45.12
101.05,47.41
99.69,49.53

8
102.68,56.47
99.54,55.62
96.74,55.18
95.97,55.13
95.23,55.12
92.54,55.41
90.64,56.00
88.06,57.35

4
93.01,49.27
94.74,46.13
87.74,49.90
91.73,49.46

14
95.72,72.88
102.87,71.59
103.42,70.39
103.98,69.20
106.69,64.01
109.94,59.46
106.15,57.75
102.68,56.47
88.06,57.35
85.30,59.40
81.69,62.77
77.89,66.73
81.31,72.40
88.33,73.14

8
75.32,60.72
79.16,56.85
75.84,57.15
72.70,57.35
71.09,57.39
70.33,60.42
70.95,63.41
71.61,64.64

3
70.33,60.42
71.09,57.39
69.45,57.39

4
65.21,70.47
65.31,67.35
61.50,72.17
63.27,71.59

4
61.50,72.17
65.31,67.35
57.58,71.98
59.67,72.29

10
73.10,86.19
87.93,79.12
83.17,78.73
78.35,77.96
68.56,75.45
66.07,76.90
63.45,77.87
64.04,81.17
66.15,81.70
68.06,82.61

6
72.43,101.52
76.30,95.53
71.50,92.42
67.69,89.63
66.05,88.45
67.98,93.65

6
66.62,110.92
70.35,109.75
68.85,107.09
66.87,103.97
59.90,108.64
63.15,109.74

3
61.62,124.33
55.91,113.55
54.47,124.51

3
72.14,134.45
66.85,131.53
62.55,133.72

8
81.69,131.79
83.89,132.12
84.36,132.12
84.23,132.04
79.94,128.45
76.12,124.75
74.39,128.86
78.87,130.89

13
111.14,121.52
108.23,120.10
104.61,118.53
100.79,116.56
96.80,118.39
92.88,120.11
88.20,122.02
86.30,126.04
89.00,128.05
89.31,127.89
89.07,128.09
89.14,128.14
91.79,129.71

3
86.30,126.04
88.20,122.02
83.67,123.72

8
154.94,138.89
159.97,138.33
166.25,137.77
156.32,132.06
150.01,135.47
146.56,137.65
143.10,140.03
150.36,139.39

7
166.25,137.77
173.00,137.54
169.74,134.89
166.79,132.55
164.59,130.87
162.59,129.44
156.32,132.06

5
179.68,126.41
174.81,126.69
169.96,127.42
170.62,127.93
171.29,128.46

13
195.56,130.43
202.09,126.77
201.40,126.86
200.72,126.94
195.14,127.44
190.32,127.24
189.51,127.08
184.58,126.54
179.68,126.41
171.29,128.46
176.46,132.62
182.40,137.54
189.00,134.01

7
217.36,142.71
219.97,140.87
222.60,139.43
207.23,130.75
199.06,135.35
190.83,139.85
197.66,141.98

8
232.03,150.82
232.16,147.44
232.89,144.32
230.27,143.79
227.50,144.04
224.43,145.22
221.50,147.11
218.31,149.87

9
240.61,133.68
248.47,132.60
246.18,129.71
243.70,126.41
240.01,126.80
236.40,126.86
232.35,126.65
228.36,126.29
234.53,129.91

8
249.29,137.69
252.05,137.85
252.87,137.55
252.50,137.17
250.57,135.09
248.47,132.60
240.61,133.68
246.60,137.60

6
275.89,140.93
278.39,141.24
276.88,135.77
274.80,137.98
272.52,139.85
273.26,140.13

6
280.92,140.88
283.49,139.61
284.97,138.44
278.77,133.23
276.88,135.77
278.39,141.24

12
286.50,136.89
288.06,134.92
289.63,132.54
292.44,127.20
289.07,126.00
285.21,125.07
284.12,124.84
283.01,124.61
281.81,127.61
280.46,130.39
278.77,133.23
284.97,138.44

4
290.52,114.87
286.62,113.52
284.67,118.82
285.74,119.05

4
286.72,103.03
286.33,102.68
285.95,102.31
283.52,106.90

6
283.52,106.90
285.95,102.31
284.52,100.68
283.29,98.86
275.98,106.97
279.77,106.73

5
278.53,95.21
280.34,92.97
279.01,91.34
277.40,89.70
276.64,97.42

10
276.64,97.42
277.40,89.70
274.38,87.25
270.68,84.80
270.48,85.18
270.27,85.56
267.96,88.65
264.94,91.44
256.88,97.93
269.24,105.17

5
261.37,111.86
265.34,108.69
269.24,105.17
256.88,97.93
248.78,103.55

9
252.23,117.48
256.90,114.33
257.39,114.62
261.37,111.86
248.78,103.55
247.30,104.47
245.81,105.36
244.36,110.47
243.97,112.69

11
239.39,96.18
244.40,95.74
248.74,95.56
249.92,95.57
253.51,92.96
229.64,79.82
223.77,82.24
223.05,86.00
222.03,89.60
220.71,93.01
227.84,97.21

5
253.51,92.96
257.11,90.14
261.06,86.85
235.55,77.47
229.64,79.82

16
261.06,86.85
261.11,86.82
261.15,86.78
263.61,84.50
265.19,82.34
265.84,80.76
266.01,79.20
265.64,77.21
264.61,74.89
263.62,73.29
257.69,73.57
252.05,73.43
249.69,73.30
247.42,73.16
241.51,75.23
235.55,77.47

15
257.96,67.57
257.09,64.85
257.04,62.19
257.42,59.84
257.85,57.86
258.09,56.31
258.06,55.08
256.30,54.93
254.64,54.69
251.17,53.92
247.91,53.08
249.04,56.54
249.86,59.94
250.34,63.70
250.36,67.33

6
263.52,48.84
267.11,48.17
256.16,45.87
257.18,47.28
258.55,48.37
260.37,49.12

5
267.11,48.17
273.70,46.30
268.97,39.69
255.43,44.04
256.16,45.87

4
221.67,67.56
214.32,63.12
212.72,67.05
215.26,67.36

11
213.96,79.75
220.43,77.13
227.28,74.30
224.15,73.50
218.17,73.54
212.10,73.03
209.18,72.49
204.37,78.19
199.44,83.37
205.18,82.67
209.25,81.48

12
208.29,100.71
212.18,95.95
215.15,90.76
217.14,84.95
212.52,86.70
208.22,88.08
206.43,88.54
204.71,88.89
202.70,91.88
200.50,95.99
198.86,100.10
203.14,105.87

6
192.43,100.49
193.99,95.96
197.24,89.32
193.09,89.15
188.34,92.94
183.51,96.50

10
170.25,86.56
174.85,85.19
180.37,84.04
173.96,76.01
168.19,78.33
163.64,79.32
162.57,84.29
160.94,88.91
162.99,89.31
166.29,88.00

7
164.46,73.13
166.15,72.68
168.10,71.99
159.03,70.88
160.18,72.04
161.02,72.80
163.05,73.33

4
168.10,71.99
172.50,70.05
157.11,69.06
159.03,70.88

5
164.55,58.64
145.64,58.28
141.59,58.30
144.67,60.56
148.33,62.90

5
161.33,52.56
144.17,46.28
142.34,49.10
140.37,52.19
143.94,52.25

6
161.33,52.56
155.21,43.15
150.36,44.34
145.45,44.36
144.82,45.30
144.17,46.28

3
147.02,38.47
151.19,38.12
142.53,37.71

3
136.38,47.27
136.03,41.82
132.94,40.49

8
124.91,80.13
138.39,63.43
112.67,65.79
110.40,69.73
108.75,73.15
110.12,73.84
111.83,74.65
116.04,76.49

3
81.31,72.40
77.89,66.73
73.99,70.78

5
71.39,64.87
71.61,64.64
70.95,63.41
71.07,64.26
71.17,65.09

8
90.27,95.27
91.51,95.64
94.99,88.92
98.18,82.18
73.10,86.19
76.53,88.59
80.49,91.01
85.28,93.39

6
87.70,100.74
81.82,98.41
76.30,95.53
72.43,101.52
74.60,104.99
76.35,108.53

6
71.16,113.02
71.18,112.43
70.96,111.29
70.35,109.75
66.62,110.92
68.89,111.86

8
74.39,128.86
76.12,124.75
73.16,121.93
70.37,119.63
67.47,117.84
64.46,116.51
64.22,116.43
69.29,125.99

6
120.24,121.42
118.73,115.00
118.16,116.80
117.34,118.46
117.70,118.75
118.04,119.05

5
124.24,131.10
122.05,130.38
120.14,130.22
119.48,130.67
118.53,131.49

6
154.75,126.17
154.67,126.16
151.87,126.20
148.39,126.70
144.92,127.50
148.61,129.34

10
156.86,120.38
163.96,119.32
160.65,118.11
158.64,116.96
157.10,115.85
156.59,115.47
148.67,118.66
145.21,120.33
145.81,121.11
151.72,120.19

9
165.05,122.40
168.50,121.59
171.96,121.00
167.86,120.24
163.96,119.32
156.86,120.38
160.25,121.32
163.42,122.86
164.24,122.63

11
179.48,116.49
180.71,116.86
184.68,114.14
187.61,111.27
189.68,108.15
183.51,96.50
169.97,106.13
162.05,112.04
164.19,113.10
166.46,113.78
169.38,114.42

9
227.04,138.02
231.47,137.87
234.15,138.43
237.70,138.94
230.38,134.42
222.93,130.12
215.35,126.05
207.23,130.75
222.60,139.43

3
236.71,139.42
237.70,138.94
234.15,138.43

17
228.75,120.30
234.77,120.80
238.98,120.59
238.03,117.43
237.84,113.98
230.66,112.29
222.84,114.20
218.03,114.73
213.27,114.78
215.13,119.21
212.64,119.71
214.89,119.35
215.40,119.34
215.66,119.47
215.92,119.61
219.14,119.62
222.29,119.75

5
245.73,119.88
246.50,119.67
247.28,119.44
243.98,116.62
244.46,118.14

15
271.33,132.98
272.93,131.11
274.43,128.86
275.83,126.25
275.82,122.94
274.54,122.57
268.84,120.56
263.23,117.93
262.89,118.17
262.54,118.41
256.27,122.17
250.03,124.86
253.24,128.96
255.98,132.12
258.37,134.48

4
268.30,135.45
271.33,132.98
258.37,134.48
260.13,135.83

4
253.24,137.92
252.87,137.55
252.05,137.85
252.65,137.89

5
264.93,137.02
268.30,135.45
260.13,135.83
261.72,136.50
263.58,136.77

3
277.10,123.28
275.82,122.94
275.83,126.25

9
277.05,117.06
277.92,117.30
278.80,117.52
280.41,112.73
278.41,112.77
276.39,112.96
273.17,113.56
269.96,114.52
273.48,115.92

5
247.28,119.44
252.23,117.48
243.97,112.69
243.82,114.62
243.98,116.62

4
237.84,113.98
238.05,111.64
238.48,109.22
230.66,112.29

3
239.09,120.84
238.98,120.59
234.77,120.80

7
217.48,108.76
221.72,108.30
226.02,107.40
213.42,103.99
210.99,106.56
210.08,107.48
213.30,108.78

9
232.47,105.27
234.95,102.68
239.05,102.25
230.69,103.05
225.02,103.23
215.71,101.26
219.82,102.69
213.42,103.99
226.02,107.40

5
223.96,97.18
227.84,97.21
220.71,93.01
219.10,96.23
220.83,96.77

3
213.30,108.78
210.08,107.48
209.17,108.38

5
213.27,114.78
208.55,114.35
203.90,113.46
202.81,114.51
201.74,115.58

7
197.62,111.21
203.14,105.87
198.86,100.10
196.28,108.05
194.60,111.65
192.23,115.10
189.00,120.64

4
189.68,108.15
191.14,104.62
192.43,100.49
183.51,96.50

7
192.23,115.10
189.94,117.52
187.24,119.75
188.03,120.18
188.76,120.54
188.88,120.59
189.00,120.64

9
210.87,119.82
212.64,119.71
215.13,119.21
213.27,114.78
201.74,115.58
198.98,118.43
196.29,121.36
198.03,121.20
204.06,120.49

4
214.41,119.64
214.65,119.50
214.89,119.35
212.64,119.71

3
219.14,119.62
215.40,119.34
215.66,119.47

6
178.50,92.70
182.57,89.77
174.09,91.63
170.40,92.86
167.14,94.12
171.49,97.66

5
171.49,97.66
167.14,94.12
163.85,95.39
160.61,96.29
164.16,102.95

6
153.97,89.38
155.75,85.78
156.97,82.02
153.26,78.88
150.37,81.55
146.33,85.07

4
156.97,82.02
157.79,77.87
155.97,76.32
153.26,78.88

3
162.11,73.30
163.05,73.33
161.02,72.80

7
143.73,79.42
148.19,75.40
149.90,73.80
151.55,72.24
146.99,69.12
138.39,63.43
124.91,80.13

6
133.97,84.88
138.90,83.12
143.73,79.42
124.91,80.13
127.81,81.34
130.25,82.47

3
145.64,58.28
141.47,58.21
141.59,58.30

5
138.39,63.43
135.55,60.89
133.29,58.12
130.09,58.16
125.27,58.46

6
138.39,63.43
125.27,58.46
121.33,59.16
117.87,60.55
115.07,62.74
112.67,65.79

14
110.98,97.80
112.07,97.89
113.31,95.87
114.86,94.10
118.13,91.74
121.88,90.06
122.56,85.65
118.55,84.02
113.49,81.92
104.71,82.27
101.34,89.58
97.63,96.93
98.43,97.03
99.22,97.12

5
113.49,81.92
108.89,79.91
106.30,78.65
105.52,80.45
104.71,82.27

6
98.18,82.18
99.04,80.26
99.88,78.34
93.99,79.05
87.93,79.12
73.10,86.19

10
92.39,113.79
94.02,113.06
93.83,109.85
91.86,105.99
90.47,101.57
87.70,100.74
76.35,108.53
77.04,110.92
77.15,113.42
85.44,116.66

4
85.44,116.66
77.15,113.42
76.19,116.61
78.84,119.03

4
95.68,112.31
94.72,111.13
93.83,109.85
94.02,113.06

9
113.01,109.48
112.55,106.85
111.76,103.90
110.17,103.76
108.58,103.66
103.69,103.46
100.83,109.06
104.07,111.53
107.39,113.19

5
112.84,113.80
113.11,111.89
113.01,109.48
107.39,113.19
111.06,114.79

3
112.23,115.33
112.84,113.80
111.06,114.79

17
132.49,121.79
137.26,118.01
137.28,118.00
137.30,117.98
137.05,115.82
136.99,113.57
137.07,111.69
137.26,109.78
132.83,108.66
128.47,107.49
123.17,106.06
119.12,111.28
118.73,115.00
120.24,121.42
124.53,124.88
126.63,125.54
128.93,125.95

4
123.32,124.49
124.53,124.88
120.24,121.42
121.98,124.18

4
122.05,130.38
121.19,130.14
120.70,130.07
120.14,130.22

6
148.32,112.26
143.14,111.13
143.04,112.27
142.99,113.36
142.99,114.04
143.00,114.71

16
154.90,107.86
155.83,108.21
156.70,108.58
160.46,105.71
164.16,102.95
160.61,96.29
158.36,96.54
156.11,96.42
155.80,96.73
153.15,98.79
150.03,100.11
148.51,100.37
146.96,100.42
144.89,105.37
145.78,105.56
150.70,106.66

3
145.81,121.11
145.21,120.33
142.14,122.03

10
147.18,94.44
148.71,94.25
150.28,93.51
151.86,92.19
153.97,89.38
146.33,85.07
141.74,88.44
141.35,91.88
143.44,93.25
145.44,94.12

3
138.90,83.12
133.97,84.88
134.69,85.53

4
128.02,88.08
125.88,87.05
122.56,85.65
124.94,89.03

3
124.94,89.03
122.56,85.65
121.88,90.06

5
100.83,109.06
103.69,103.46
98.40,103.07
97.11,102.91
98.34,105.69

4
123.17,106.06
118.25,104.89
118.75,107.32
119.12,111.28

11
134.57,102.92
136.75,103.48
141.14,98.82
137.49,96.48
134.45,93.85
133.83,93.24
133.24,92.65
128.34,94.26
123.98,95.68
121.34,96.83
120.86,99.32

3
141.14,98.82
136.75,103.48
138.94,104.01

3
141.35,91.88
141.74,88.44
139.11,90.00

4
120.86,99.32
121.34,96.83
119.37,98.12
118.61,98.84

5
162.99,89.31
160.94,88.91
160.66,89.56
160.35,90.20
160.39,90.19

4
227.28,74.30
230.04,73.19
227.17,73.36
224.15,73.50

3
244.37,66.98
244.36,64.15
237.95,66.85

3
220.43,77.13
218.17,73.54
212.10,73.03

4
60.38,146.07
60.60,146.05
59.89,145.90
60.14,145.99

4
45.70,106.07
41.95,101.34
34.68,108.65
40.18,106.90

3
184.76,29.37
183.10,27.55
180.10,28.28

6
303.92,51.35
307.39,41.53
304.71,42.04
301.60,42.85
297.39,44.17
296.57,44.44

3
303.01,36.27
296.80,34.55
298.38,37.54

4
309.76,93.21
309.76,91.91
309.76,87.72
308.40,89.71

3
239.82,165.08
238.43,164.26
237.90,165.08

5
62.95,15.58
64.00,15.00
63.12,15.00
62.06,15.00
56.88,15.15

3
70.04,165.08
69.04,164.28
69.30,165.08

6
27.31,165.08
27.76,165.08
28.41,165.08
27.68,164.81
15.02,156.30
15.02,165.08

