num triangles
1517

319.82,33.31
313.70,29.48
315.31,29.72

319.82,25.41
316.73,23.89
319.82,15.00

319.82,15.00
316.73,23.89
313.65,23.47

241.24,19.34
319.82,15.00
313.65,23.47

241.24,19.34
313.65,23.47
245.76,21.68

230.31,18.04
319.82,15.00
236.07,18.09

135.97,16.77
319.82,15.00
230.31,18.04

230.31,18.04
141.15,17.13
135.97,16.77

130.15,16.98
15.02,15.00
135.97,16.77

130.15,16.98
122.87,17.99
15.02,15.00

15.02,15.00
122.87,17.99
67.76,21.33

15.02,15.00
67.76,21.33
60.66,21.72

60.66,21.72
53.80,22.74
15.02,15.00

15.02,15.00
53.80,22.74
50.48,23.61

15.02,15.00
50.48,23.61
15.02,27.90

21.38,115.35
18.43,152.86
15.02,154.19

21.38,115.35
15.02,154.19
20.80,111.22

25.41,127.24
18.43,152.86
22.40,119.42

25.41,127.24
23.85,152.38
18.43,152.86

19.61,158.74
15.02,164.80
15.02,160.53

23.37,158.38
15.02,164.80
19.61,158.74

38.84,165.37
27.98,158.68
33.94,159.81

38.84,165.37
33.94,159.81
40.10,162.27

37.45,171.89
30.37,175.12
37.96,168.59

37.96,168.59
30.37,175.12
15.02,164.80

37.96,168.59
15.02,164.80
27.98,158.68

37.45,171.89
35.00,175.91
32.62,175.86

37.29,175.27
35.00,175.91
37.45,171.89

15.02,180.75
27.68,180.48
27.31,180.75

27.76,180.75
27.31,180.75
27.68,180.48

28.41,180.75
27.76,180.75
27.68,180.48

15.02,180.75
15.02,171.97
27.68,180.48

37.45,171.89
32.62,175.86
30.37,175.12

47.99,177.99
42.99,180.56
43.03,179.29

43.01,180.75
42.99,180.56
47.99,177.99

43.01,180.75
47.99,177.99
46.11,180.75

46.11,180.75
52.62,177.17
48.25,180.75

50.21,180.75
48.25,180.75
52.62,177.17

50.21,180.75
52.62,177.17
56.89,176.82

50.21,180.75
56.89,176.82
52.98,180.75

85.38,173.42
73.91,176.10
71.33,174.31

85.38,173.42
71.33,174.31
68.52,172.87

68.52,172.87
89.46,170.52
85.38,173.42

78.42,180.60
76.28,178.20
81.59,176.89

81.59,176.89
76.28,178.20
73.91,176.10

96.96,180.75
89.10,178.12
93.21,175.25

96.96,180.75
93.21,175.25
99.80,180.75

98.24,172.56
124.53,178.45
119.39,180.30

98.24,172.56
119.39,180.30
93.21,175.25

111.56,167.56
130.06,177.04
104.56,169.91

104.56,169.91
130.06,177.04
124.53,178.45

130.06,177.04
141.23,171.72
135.96,176.04

135.96,176.04
141.23,171.72
142.64,173.91

135.96,176.04
142.64,173.91
142.20,175.46

146.82,169.27
161.07,167.51
148.35,171.80

148.35,171.80
161.07,167.51
165.78,170.35

148.35,171.80
165.78,170.35
149.21,173.23

149.21,173.23
165.78,170.35
149.99,174.31

150.88,175.16
165.78,170.35
152.14,175.93

152.14,175.93
165.78,170.35
154.37,176.81

157.34,177.57
165.78,170.35
162.03,178.31

162.03,178.31
165.78,170.35
171.33,173.75

162.03,178.31
171.33,173.75
166.98,178.72

170.89,178.82
176.44,177.23
174.40,178.69

174.40,178.69
176.44,177.23
177.81,178.28

180.69,172.92
189.24,174.59
184.78,176.36

180.69,172.92
194.49,172.28
189.24,174.59

192.61,180.75
192.29,179.81
195.70,178.32

192.61,180.75
195.70,178.32
194.93,180.75

192.20,180.75
191.49,180.75
192.29,179.81

191.49,180.75
190.04,180.75
192.29,179.81

195.85,180.75
194.93,180.75
195.70,178.32

196.77,180.75
195.85,180.75
195.70,178.32

196.77,180.75
195.70,178.32
199.43,176.62

196.77,180.75
199.43,176.62
199.23,180.75

231.93,179.15
227.64,175.14
233.06,177.27

243.33,175.84
239.51,173.70
244.33,168.71

244.33,168.71
249.24,173.30
243.33,175.84

243.33,175.84
249.24,173.30
246.96,178.13

250.94,180.75
246.96,178.13
250.94,180.75

251.32,180.75
250.94,180.75
250.94,180.75

250.94,180.75
254.70,177.48
251.32,180.75

255.13,180.75
251.32,180.75
254.70,177.48

255.90,180.75
255.13,180.75
254.70,177.48

256.62,180.75
255.90,180.75
254.70,177.48

258.15,180.75
256.62,180.75
254.70,177.48

258.15,180.75
254.70,177.48
259.44,179.96

258.15,180.75
259.44,179.96
259.19,180.75

254.70,170.06
279.69,165.56
258.94,173.05

258.94,173.05
279.69,165.56
284.05,168.19

258.94,173.05
284.05,168.19
280.59,173.66

258.94,173.05
280.59,173.66
261.48,174.32

261.48,174.32
280.59,173.66
274.90,175.26

261.48,174.32
274.90,175.26
264.07,175.22

266.76,175.74
274.90,175.26
269.56,175.89

264.07,175.22
274.90,175.26
266.76,175.74

301.24,171.77
295.86,175.15
297.84,173.10

303.98,180.75
301.24,171.77
304.39,170.69

303.98,180.75
295.29,180.75
301.24,171.77

294.08,180.75
301.24,171.77
295.29,180.75

301.24,171.77
294.04,179.68
294.62,177.31

288.41,177.10
288.02,179.90
282.56,179.33

284.84,180.75
282.56,179.33
288.02,179.90

284.84,180.75
288.02,179.90
288.05,180.75

284.84,180.75
277.58,180.75
282.56,179.33

277.58,180.75
282.56,179.33
277.58,180.75

284.84,180.75
277.58,180.75
277.58,180.75

294.08,180.75
294.04,179.68
301.24,171.77

307.48,180.75
304.39,170.69
307.00,169.98

308.85,180.75
307.00,169.98
309.37,169.53

310.02,180.75
309.37,169.53
311.51,169.33

311.04,180.75
311.51,169.33
313.39,169.38

311.93,180.75
313.39,169.38
315.25,169.70

312.85,180.75
315.25,169.70
319.82,172.12

319.82,180.75
317.10,180.75
319.82,172.12

319.82,156.34
319.82,165.50
316.79,163.90

316.79,163.90
315.77,160.24
319.82,156.34

310.83,154.88
311.02,156.10
310.35,156.38

312.71,148.06
311.66,155.76
310.83,154.88

312.71,148.06
312.28,155.36
311.66,155.76

317.18,120.02
319.82,120.23
319.82,148.49

314.60,135.14
317.18,120.02
319.82,148.49

314.60,135.14
319.82,148.49
313.97,141.47

314.19,124.54
315.93,119.97
314.61,129.07

314.61,129.07
315.93,119.97
317.18,120.02

316.11,70.77
315.18,58.72
319.82,58.02

316.11,70.77
319.82,58.02
317.80,73.67

310.71,66.89
310.73,66.86
313.69,68.45

313.69,68.45
310.73,66.86
310.74,66.83

313.69,68.45
310.74,66.83
312.93,62.71

312.93,62.71
315.18,58.72
313.69,68.45

319.82,49.90
311.86,51.10
319.82,33.31

319.82,33.31
311.86,51.10
309.60,51.00

309.60,51.00
310.11,29.66
319.82,33.31

309.60,51.00
305.44,30.63
310.11,29.66

249.63,24.68
310.28,23.59
304.33,24.72

249.63,24.68
304.33,24.72
297.62,26.81

249.63,24.68
297.62,26.81
253.26,28.12

242.29,28.40
244.20,27.95
246.72,30.15

246.72,30.15
240.89,28.95
242.29,28.40

235.62,25.45
234.11,23.93
236.98,24.31

235.62,25.45
230.88,24.01
234.11,23.93

227.87,28.17
222.08,26.13
226.75,24.73

234.52,26.86
227.87,28.17
226.75,24.73

234.52,26.86
226.75,24.73
230.88,24.01

233.72,28.63
227.87,28.17
234.52,26.86

217.42,21.49
196.79,21.35
221.96,19.83

221.96,19.83
196.79,21.35
179.80,20.68

221.96,19.83
179.80,20.68
226.25,18.68

226.25,18.68
179.80,20.68
152.96,19.16

226.25,18.68
152.96,19.16
230.31,18.04

152.96,19.16
179.80,20.68
156.41,19.66

144.69,26.37
144.70,23.74
147.62,24.30

144.69,26.37
147.62,24.30
151.27,24.96

144.69,26.37
151.27,24.96
146.82,29.27

130.06,37.04
139.36,29.37
141.23,31.72

130.06,37.04
141.23,31.72
135.96,36.04

105.86,29.13
130.06,37.04
124.53,38.45

105.86,29.13
124.53,38.45
99.19,32.03

120.93,24.52
136.27,26.29
113.14,26.59

113.14,26.59
136.27,26.29
139.36,29.37

128.22,23.22
136.27,26.29
120.93,24.52

74.56,21.35
122.87,17.99
115.05,19.79

74.56,21.35
115.05,19.79
112.24,20.60

74.56,21.35
112.24,20.60
82.90,21.60

62.95,31.25
64.03,27.48
70.09,27.31

62.95,31.25
70.09,27.31
65.81,31.91

56.88,30.82
58.05,28.07
62.95,31.25

56.88,30.82
52.53,29.27
58.05,28.07

51.86,31.21
48.04,31.17
50.12,30.13

51.86,31.21
50.12,30.13
56.88,30.82

15.02,27.90
47.34,24.79
43.67,26.86

43.67,26.86
40.62,29.65
15.02,27.90

47.99,37.99
42.99,40.55
43.03,39.29

47.99,37.99
43.38,44.73
42.99,40.55

37.00,41.20
15.02,44.80
15.02,41.20

37.53,46.10
15.02,44.80
37.00,41.20

37.53,46.10
32.76,56.35
15.02,44.80

40.24,56.32
36.82,58.83
32.76,56.35

40.24,56.32
32.76,56.35
38.65,50.99

15.02,57.99
15.02,52.80
29.28,61.25

15.02,57.99
29.28,61.25
29.95,70.50

29.95,70.50
34.46,64.37
34.75,74.34

34.75,74.34
34.46,64.37
40.53,67.07

34.75,74.34
40.53,67.07
42.75,72.14

42.75,72.14
41.36,76.33
34.75,74.34

34.75,74.34
41.36,76.33
40.02,78.19

22.81,98.35
15.02,63.80
26.09,75.10

22.81,98.35
26.09,75.10
24.49,95.14

21.02,104.66
15.02,63.80
21.70,101.45

20.72,107.92
15.02,63.80
21.02,104.66

26.79,110.75
26.73,107.78
38.39,111.25

38.39,111.25
27.20,113.81
26.79,110.75

38.39,111.25
28.93,120.08
27.20,113.81

28.93,120.08
34.68,124.32
30.06,122.94

30.06,122.94
34.68,124.32
33.02,125.01

30.06,122.94
33.02,125.01
31.35,125.76

36.83,129.92
34.43,131.64
34.12,131.09

34.73,132.18
34.43,131.64
36.83,129.92

34.73,132.18
36.83,129.92
38.10,138.27

32.75,140.99
29.93,152.90
29.17,134.52

29.17,134.52
29.93,152.90
23.85,152.38

32.75,140.99
34.35,153.75
29.93,152.90

38.92,154.88
34.35,153.75
36.17,149.84

36.17,149.84
34.35,153.75
36.08,149.39

52.14,148.82
47.29,148.01
51.76,146.71

52.14,148.82
51.76,146.71
56.37,146.03

46.90,153.12
43.05,149.91
48.35,151.80

48.35,151.80
43.05,149.91
47.29,148.01

45.54,154.48
43.05,149.91
46.90,153.12

50.19,158.30
51.11,157.40
55.16,159.95

55.16,159.95
51.11,157.40
52.09,156.50

55.16,159.95
52.09,156.50
67.67,161.32

55.16,159.95
67.67,161.32
59.89,161.58

56.87,170.82
50.09,170.15
52.50,169.29

56.87,170.82
52.50,169.29
58.02,168.08

56.87,170.82
58.02,168.08
62.95,171.25

46.62,172.15
48.01,171.19
51.86,171.21

51.86,171.21
48.01,171.19
50.09,170.15

40.27,161.91
33.94,159.81
40.45,161.55

59.76,180.75
56.89,176.82
60.75,176.99

62.69,180.75
60.75,176.99
63.80,177.57

64.92,180.75
63.80,177.57
66.54,178.56

67.65,180.75
66.54,178.56
69.04,179.96

65.81,171.91
77.50,167.39
68.52,172.87

65.81,171.91
70.04,167.29
77.50,167.39

77.50,167.39
84.61,167.64
89.46,170.52

89.46,170.52
84.61,167.64
94.18,167.86

90.62,158.01
90.75,161.82
82.90,161.57

90.62,158.01
82.90,161.57
74.46,161.32

74.46,161.32
83.11,153.76
90.62,158.01

100.15,155.91
103.74,156.16
101.65,156.56

101.65,156.56
103.74,156.16
103.18,157.20

108.05,159.09
121.29,158.86
113.12,160.87

127.83,163.67
136.32,166.33
119.89,165.33

119.89,165.33
136.32,166.33
139.36,169.37

119.89,165.33
139.36,169.37
111.56,167.56

142.76,164.21
154.13,162.86
144.69,166.37

144.69,166.37
154.13,162.86
156.90,164.85

144.69,166.37
156.90,164.85
146.82,169.27

175.35,169.20
169.70,165.70
181.63,160.39

181.63,160.39
188.33,161.07
175.35,169.20

175.35,169.20
188.33,161.07
196.98,163.78

175.35,169.20
196.98,163.78
199.67,169.88

199.67,169.88
194.49,172.28
175.35,169.20

199.67,169.88
196.98,163.78
205.52,167.10

200.75,180.75
199.43,176.62
203.51,174.71

215.48,180.75
203.51,174.71
207.94,172.59

217.51,171.61
207.94,172.59
210.51,171.36

217.51,171.61
210.51,171.36
213.19,170.06

212.16,163.26
208.22,161.71
214.77,160.62

214.77,160.62
208.22,161.71
204.20,160.12

214.77,160.62
204.20,160.12
217.36,158.38

218.31,165.54
232.21,168.51
232.54,170.57

241.20,165.73
238.01,165.75
238.05,164.37

238.05,164.37
238.22,163.15
241.20,165.73

244.33,168.71
238.43,169.38
241.20,165.73

243.12,159.40
246.11,159.27
250.52,166.34

250.52,166.34
246.11,159.27
249.73,159.40

250.52,166.34
249.73,159.40
256.03,159.71

256.03,159.71
262.87,159.32
250.52,166.34

262.87,159.32
267.44,159.90
250.52,166.34

250.52,166.34
267.44,159.90
270.86,161.32

250.52,166.34
270.86,161.32
275.03,162.56

275.03,162.56
254.70,170.06
250.52,166.34

275.52,162.65
279.69,165.56
275.03,162.56

303.00,160.33
292.24,165.60
288.35,163.69

303.00,160.33
288.35,163.69
289.62,157.99

289.62,157.99
291.70,155.72
303.00,160.33

303.00,160.33
291.70,155.72
302.22,156.69

302.34,165.05
303.65,161.34
304.52,162.17

304.52,162.17
305.55,162.77
302.34,165.05

302.34,165.05
305.55,162.77
308.01,163.67

296.24,167.26
292.24,165.60
302.34,165.05

308.01,163.67
309.14,162.80
312.58,163.33

312.58,163.33
309.14,162.80
312.61,161.94

312.58,163.33
312.61,161.94
316.79,163.90

308.01,163.67
305.55,162.77
309.14,162.80

302.34,165.05
292.24,165.60
303.65,161.34

302.22,156.69
293.68,153.04
301.25,153.49

301.25,153.49
293.68,153.04
300.12,150.72

300.12,150.72
293.68,153.04
295.57,149.95

300.12,150.72
295.57,149.95
298.83,148.39

304.67,146.46
306.31,148.93
306.15,149.51

304.67,146.46
307.61,143.17
306.31,148.93

308.39,137.68
301.82,135.10
308.68,132.46

308.68,132.46
301.82,135.10
301.22,132.52

308.68,132.46
301.22,132.52
308.49,127.51

305.93,121.97
308.13,124.53
308.49,127.51

308.49,127.51
304.30,122.23
305.93,121.97

313.42,120.19
314.67,120.03
314.19,124.54

319.82,88.67
315.72,113.97
313.78,114.09

313.78,114.09
308.40,105.38
319.82,88.67

319.82,88.67
308.40,105.38
312.24,75.93

303.92,67.02
308.35,57.09
309.24,57.02

307.39,57.21
308.35,57.09
303.92,67.02

303.92,67.02
304.71,57.72
307.39,57.21

303.01,51.95
295.55,47.41
307.16,51.18

307.16,51.18
295.55,47.41
294.66,44.82

307.16,51.18
294.66,44.82
294.14,42.49

307.16,51.18
294.14,42.49
301.80,31.73

301.80,31.73
305.44,30.63
307.16,51.18

301.80,31.73
295.85,35.16
297.80,33.13

294.62,37.31
295.85,35.16
301.80,31.73

301.80,31.73
294.04,39.68
294.62,37.31

259.87,33.56
284.05,31.88
277.11,34.11

259.87,33.56
277.11,34.11
273.83,34.91

259.87,33.56
273.83,34.91
263.35,35.02

253.26,28.12
284.05,31.88
256.64,31.26

254.49,37.20
246.07,37.86
250.38,33.69

250.38,33.69
246.07,37.86
242.90,35.82

250.38,33.69
242.90,35.82
246.72,30.15

246.72,30.15
242.90,35.82
239.58,33.81

246.72,30.15
239.58,33.81
239.33,32.36

239.33,32.36
239.29,31.23
246.72,30.15

239.29,31.23
239.43,30.44
240.89,28.95

240.89,28.95
239.43,30.44
239.70,29.91

231.93,39.15
228.88,35.08
231.05,36.07

231.93,39.15
231.05,36.07
233.14,37.12

225.55,45.83
207.94,32.59
229.12,42.60

229.12,42.60
207.94,32.59
221.41,32.22

229.12,42.60
221.41,32.22
228.88,35.08

207.94,32.59
210.60,31.31
221.41,32.22

221.41,32.22
210.60,31.31
213.38,29.96

212.63,23.65
204.82,22.25
217.42,21.49

198.72,30.33
188.31,26.87
196.01,27.31

198.72,30.33
196.01,27.31
203.41,28.11

189.27,34.58
182.05,33.81
194.49,32.28

194.49,32.28
182.05,33.81
178.85,31.25

194.49,32.28
178.85,31.25
188.31,26.87

188.31,26.87
178.85,31.25
175.41,28.84

188.31,26.87
175.41,28.84
172.10,26.59

172.10,26.59
175.41,28.84
171.80,26.58

156.41,19.66
170.41,20.55
161.69,20.18

156.74,26.01
160.90,27.65
146.82,29.27

146.82,29.27
155.21,25.56
156.74,26.01

146.82,29.27
160.90,27.65
148.35,31.80

142.20,35.46
142.64,33.91
143.49,35.40

138.78,41.75
143.97,41.38
153.10,42.70

131.99,49.11
138.78,41.75
153.10,42.70

131.99,49.11
153.10,42.70
157.32,43.68

131.99,49.11
157.32,43.68
161.42,47.07

161.42,47.07
159.30,49.22
131.99,49.11

131.99,49.11
159.30,49.22
137.43,51.57

123.27,45.22
126.20,44.22
131.99,49.11

131.99,49.11
126.20,44.22
129.30,43.36

131.99,49.11
129.30,43.36
133.88,42.41

119.39,40.30
116.89,41.42
107.68,41.99

94.12,34.77
119.39,40.30
107.68,41.99

94.12,34.77
107.68,41.99
101.69,42.34

94.12,34.77
101.69,42.34
89.93,37.61

90.64,21.81
108.06,21.11
99.48,21.71

90.11,30.20
84.73,27.67
94.23,27.82

73.93,36.11
86.48,32.70
82.07,36.54

73.93,36.11
82.07,36.54
76.30,38.22

68.52,32.87
86.48,32.70
71.34,34.32

68.52,32.87
77.58,27.42
86.48,32.70

77.58,27.42
84.73,27.67
86.48,32.70

65.81,31.91
77.58,27.42
68.52,32.87

70.46,53.27
63.80,37.57
66.54,38.56

70.46,53.27
66.54,38.56
69.04,39.96

70.46,53.27
69.04,39.96
72.64,49.42

67.01,59.60
44.42,49.35
70.46,53.27

70.46,53.27
44.42,49.35
56.89,36.82

70.46,53.27
56.89,36.82
60.75,36.99

56.89,36.82
44.42,49.35
52.62,37.17

52.62,37.17
44.42,49.35
43.38,44.73

47.79,60.35
44.42,49.35
67.01,59.60

53.62,64.78
47.79,60.35
67.01,59.60

53.62,64.78
67.01,59.60
58.66,65.85

48.60,63.45
47.79,60.35
51.10,64.14

43.20,70.23
40.53,67.07
41.89,67.57

43.20,70.23
41.89,67.57
43.27,68.05

48.94,72.11
53.55,70.92
48.43,74.07

48.43,74.07
53.55,70.92
58.40,71.90

48.43,74.07
58.40,71.90
46.98,78.51

46.98,78.51
58.40,71.90
49.80,84.35

46.98,78.51
49.80,84.35
46.55,80.30

40.39,78.44
41.36,76.33
40.76,78.70

32.35,86.69
36.61,83.12
36.88,83.31

36.88,83.31
37.15,83.50
32.35,86.69

29.28,89.31
31.12,79.11
32.35,86.69

29.28,89.31
26.09,75.10
31.12,79.11

26.65,92.13
26.09,75.10
29.28,89.31

31.25,95.97
52.42,100.41
29.67,98.16

29.67,98.16
52.42,100.41
48.34,102.73

29.67,98.16
48.34,102.73
28.44,100.43

28.44,100.43
48.34,102.73
27.55,102.79

41.98,106.18
40.12,106.94
27.55,102.79

27.55,102.79
44.73,104.78
41.98,106.18

45.70,121.74
40.18,122.57
41.95,117.02

41.95,117.02
40.18,122.57
34.68,124.32

38.10,138.27
41.69,128.38
46.32,127.72

46.32,127.72
51.14,128.00
38.10,138.27

47.47,141.63
38.10,138.27
51.14,128.00

47.47,141.63
51.14,128.00
54.47,140.18

77.05,152.29
55.15,154.05
58.65,151.68

77.05,152.29
58.65,151.68
72.14,150.12

94.17,147.00
91.79,145.38
110.39,146.82

110.39,146.82
96.39,148.27
94.17,147.00

110.39,146.82
98.46,149.21
96.39,148.27

108.24,148.53
98.46,149.21
110.39,146.82

100.35,149.82
108.24,148.53
106.04,149.67

100.35,149.82
106.04,149.67
103.41,150.19

107.15,155.61
110.83,153.99
121.29,158.86

121.29,158.86
110.83,153.99
128.91,157.39

128.91,157.39
110.83,153.99
113.93,151.71

128.91,157.39
113.93,151.71
130.35,157.16

130.35,157.16
137.12,152.66
131.74,156.95

144.57,161.61
142.76,164.21
140.44,161.97

148.64,161.26
142.76,164.21
144.57,161.61

150.24,161.10
154.13,162.86
148.64,161.26

151.88,160.94
154.13,162.86
150.24,161.10

167.64,159.37
160.62,160.12
160.43,159.99

175.21,159.25
164.80,162.76
167.64,159.37

175.21,159.25
169.70,165.70
164.80,162.76

178.00,159.40
181.63,160.39
175.21,159.25

180.78,159.67
181.63,160.39
178.00,159.40

181.94,160.23
182.24,160.07
185.45,160.42

181.94,160.23
185.45,160.42
181.63,160.39

185.45,160.42
182.24,160.07
182.54,159.91

199.06,151.02
197.66,157.65
190.83,155.52

217.36,158.38
197.66,157.65
199.06,151.02

199.06,151.02
219.97,156.54
217.36,158.38

199.06,151.02
222.60,155.11
219.97,156.54

221.50,162.78
224.43,160.89
232.03,166.50

221.50,162.78
232.03,166.50
218.31,165.54

232.03,166.50
224.43,160.89
232.16,163.11

232.16,163.11
224.43,160.89
227.50,159.71

232.16,163.11
227.50,159.71
230.27,159.46

230.27,159.46
232.89,160.00
232.16,163.11

246.18,145.39
240.61,149.35
234.53,145.59

246.18,145.39
234.53,145.59
240.01,142.47

240.01,142.47
243.70,142.08
246.18,145.39

250.57,150.76
240.61,149.35
248.47,148.28

250.57,150.76
246.60,153.27
240.61,149.35

249.29,153.37
246.60,153.27
250.57,150.76

250.57,150.76
252.50,152.85
249.29,153.37

249.29,153.37
252.50,152.85
252.05,153.53

264.94,158.92
266.08,159.34
262.87,159.32

272.52,155.52
274.80,153.66
273.26,155.81

273.26,155.81
274.80,153.66
275.89,156.60

275.89,156.60
274.80,153.66
278.39,156.91

278.39,156.91
276.88,151.45
280.92,156.55

280.92,156.55
276.88,151.45
283.49,155.29

283.49,155.29
276.88,151.45
284.97,154.12

284.97,154.12
278.77,148.91
286.50,152.56

286.50,152.56
278.77,148.91
288.06,150.60

298.12,147.38
295.57,149.95
297.38,146.47

301.69,142.30
301.64,137.75
302.91,143.76

302.91,143.76
301.64,137.75
307.61,143.17

307.61,143.17
301.64,137.75
308.39,137.68

300.38,140.98
301.64,137.75
301.69,142.30

295.37,137.62
291.14,136.02
295.80,136.39

295.80,136.39
291.14,136.02
295.85,135.48

295.59,134.62
291.14,136.02
294.86,133.52

294.86,133.52
291.14,136.02
293.54,132.30

298.14,122.65
299.53,129.74
297.09,127.45

298.14,122.65
297.09,127.45
295.28,122.42

302.90,116.36
304.88,112.65
306.02,115.85

300.05,116.61
304.88,112.65
302.90,116.36

297.49,116.60
299.02,98.13
300.05,116.61

294.73,98.41
299.02,98.13
297.49,116.60

294.73,98.41
297.49,116.60
291.30,103.79

297.69,93.28
298.28,95.71
296.26,95.82

296.26,95.82
298.28,95.71
299.02,98.13

311.86,114.38
311.64,113.74
313.78,114.09

304.70,79.28
305.33,97.96
303.75,92.87

304.70,79.28
303.75,92.87
303.38,83.69

308.00,72.34
309.78,73.05
304.70,79.28

299.21,76.85
295.19,78.32
299.53,76.12

297.65,80.14
295.19,78.32
299.21,76.85

291.96,91.23
290.85,80.43
296.01,83.51

296.01,83.51
290.85,80.43
295.19,78.32

279.79,78.75
275.77,67.62
287.60,75.32

287.60,75.32
275.77,67.62
295.71,71.34

295.71,71.34
275.77,67.62
286.40,63.84

295.71,71.34
286.40,63.84
303.92,67.02

303.92,67.02
286.40,63.84
296.57,60.12

303.92,67.02
296.57,60.12
297.39,59.84

297.39,59.84
301.60,58.52
303.92,67.02

298.38,53.22
296.80,50.22
303.01,51.95

288.03,39.65
281.25,39.16
288.52,36.63

288.13,42.80
281.25,39.16
288.03,39.65

288.13,42.80
274.00,40.99
281.25,39.16

263.35,35.02
270.75,35.41
266.78,35.56

269.54,41.53
264.80,43.14
265.27,41.45

269.54,41.53
264.02,44.74
264.80,43.14

259.43,40.00
258.96,41.51
256.85,38.73

256.85,38.73
258.96,41.51
257.77,42.69

256.85,38.73
257.77,42.69
256.76,43.19

256.76,43.19
255.44,43.63
256.85,38.73

256.85,38.73
255.44,43.63
250.67,40.82

256.85,38.73
250.67,40.82
254.49,37.20

238.78,40.33
235.57,44.33
238.36,40.07

239.20,40.59
235.57,44.33
238.78,40.33

250.95,47.99
250.35,49.42
244.90,44.26

244.90,44.26
250.35,49.42
249.85,50.88

249.85,50.88
235.57,44.33
244.90,44.26

249.85,50.88
232.07,48.12
235.57,44.33

237.83,61.53
226.70,52.52
232.07,48.12

237.83,61.53
232.07,48.12
249.02,55.81

237.83,61.53
249.02,55.81
243.39,61.82

224.38,62.71
221.66,56.45
231.76,61.80

231.76,61.80
221.66,56.45
226.70,52.52

224.38,62.71
217.50,61.28
219.23,58.84

217.37,63.91
217.50,61.28
224.38,62.71

211.77,53.18
217.58,52.05
213.63,56.24

209.13,50.40
217.58,52.05
211.77,53.18

206.02,48.30
225.55,45.83
209.13,50.40

206.02,48.30
203.51,34.71
225.55,45.83

201.84,46.57
203.51,34.71
206.02,48.30

197.89,45.48
199.43,36.62
201.84,46.57

197.89,45.48
195.70,38.32
199.43,36.62

193.28,44.07
192.29,39.82
195.70,38.32

193.28,44.07
195.70,38.32
195.32,44.78

189.88,41.70
192.29,39.82
191.49,43.09

189.27,41.07
192.29,39.82
189.88,41.70

157.34,37.57
165.83,30.10
171.27,33.31

157.34,37.57
171.27,33.31
162.03,38.31

152.14,35.93
165.83,30.10
154.37,36.81

150.88,35.16
165.83,30.10
152.14,35.93

149.21,33.23
165.83,30.10
149.99,34.31

148.35,31.80
165.83,30.10
149.21,33.23

149.99,34.31
165.83,30.10
150.88,35.16

161.42,47.07
160.40,44.16
163.54,44.50

137.43,51.57
157.25,50.91
155.22,52.22

137.43,51.57
155.22,52.22
142.53,53.38

132.94,56.17
124.12,68.22
126.45,53.14

126.45,53.14
124.12,68.22
107.55,55.30

126.45,53.14
107.55,55.30
110.55,52.57

126.45,53.14
110.55,52.57
120.18,50.46

120.18,50.46
110.55,52.57
113.95,50.01

120.18,50.46
113.95,50.01
115.52,49.00

106.39,48.24
99.40,48.69
106.66,48.00

97.01,58.41
93.29,49.64
101.08,53.38

101.08,53.38
93.29,49.64
99.40,48.69

87.40,50.20
93.29,49.64
97.01,58.41

97.01,58.41
77.05,53.79
87.40,50.20

87.40,50.20
77.05,53.79
83.44,50.06

86.37,40.71
96.20,43.12
91.44,43.84

86.37,40.71
91.44,43.84
87.25,44.21

87.25,44.21
83.42,44.02
86.37,40.71

72.64,49.42
71.34,41.78
74.84,45.80

84.11,65.97
72.13,62.75
74.32,58.70

84.11,65.97
74.32,58.70
87.74,65.57

73.98,66.95
72.13,62.75
77.85,66.62

70.41,67.07
72.13,62.75
73.98,66.95

49.26,69.86
51.41,70.42
48.94,72.11

62.91,72.58
64.16,76.28
58.40,71.90

58.40,71.90
64.16,76.28
53.94,86.40

64.16,76.28
64.97,79.74
53.94,86.40

53.94,86.40
64.97,79.74
57.58,87.65

42.84,87.23
47.32,89.84
37.44,90.41

37.44,90.41
47.32,89.84
52.06,92.13

52.06,92.13
33.20,93.85
37.44,90.41

52.06,92.13
55.79,98.67
33.20,93.85

33.20,93.85
55.79,98.67
31.25,95.97

56.77,93.62
55.79,98.67
52.06,92.13

60.12,93.97
59.17,97.34
56.77,93.62

60.12,93.97
61.60,96.83
59.17,97.34

48.34,115.58
46.78,110.49
49.88,108.77

48.34,115.58
49.88,108.77
62.30,111.32

62.30,111.32
51.35,118.96
48.34,115.58

54.47,140.18
55.91,129.22
61.62,140.01

72.14,150.12
62.55,149.39
66.85,147.20

78.87,146.56
79.94,144.12
81.69,147.46

81.69,147.46
79.94,144.12
84.23,147.71

81.69,147.46
84.23,147.71
83.89,147.80

83.89,147.80
84.23,147.71
84.36,147.80

89.07,143.77
89.31,143.56
89.14,143.81

89.00,143.72
89.31,143.56
89.07,143.77

83.67,139.39
88.20,137.70
86.30,141.71

86.30,141.71
88.20,137.70
89.31,143.56

88.20,137.70
92.88,135.78
89.31,143.56

89.31,143.56
92.88,135.78
91.79,145.38

91.79,145.38
92.88,135.78
108.23,135.78

91.79,145.38
108.23,135.78
111.14,137.19

110.39,146.82
111.14,137.19
113.49,138.73

110.39,146.82
113.49,138.73
115.99,141.45

113.93,151.71
116.50,149.24
137.12,152.66

137.12,152.66
116.50,149.24
127.27,147.47

137.12,152.66
127.27,147.47
130.61,147.68

130.61,147.68
131.60,147.49
137.12,152.66

137.12,152.66
131.60,147.49
142.54,148.79

142.54,148.79
131.60,147.49
136.51,145.74

142.54,148.79
136.51,145.74
140.95,144.29

142.54,148.79
140.95,144.29
148.61,145.01

156.32,147.73
159.97,154.01
150.01,151.14

150.01,151.14
159.97,154.01
154.94,154.57

150.01,151.14
154.94,154.57
146.56,153.32

146.56,153.32
154.94,154.57
150.36,155.06

146.56,153.32
150.36,155.06
143.10,155.71

173.00,153.21
166.25,153.45
169.74,150.56

169.74,150.56
166.25,153.45
156.32,147.73

169.74,150.56
156.32,147.73
166.79,148.23

174.81,142.36
171.29,144.13
170.62,143.60

174.81,142.36
170.62,143.60
169.96,143.09

184.58,142.22
176.46,148.29
179.68,142.08

179.68,142.08
176.46,148.29
171.29,144.13

184.58,142.22
189.51,142.76
176.46,148.29

176.46,148.29
189.51,142.76
190.32,142.91

176.46,148.29
190.32,142.91
195.56,146.10

195.56,146.10
189.00,149.69
176.46,148.29

176.46,148.29
189.00,149.69
182.40,153.21

215.35,141.73
222.93,145.80
207.23,146.43

207.23,146.43
222.93,145.80
222.60,155.11

222.60,155.11
222.93,145.80
227.04,153.69

227.04,153.69
222.93,145.80
230.38,150.09

227.04,153.69
230.38,150.09
231.47,153.55

234.15,154.11
237.70,154.62
236.71,155.09

234.15,154.11
230.38,150.09
237.70,154.62

231.47,153.55
230.38,150.09
234.15,154.11

219.14,135.30
218.03,130.41
222.29,135.43

222.29,135.43
218.03,130.41
222.84,129.87

222.29,135.43
222.84,129.87
238.03,133.10

238.03,133.10
228.75,135.97
222.29,135.43

238.03,133.10
234.77,136.47
228.75,135.97

232.35,142.33
234.53,145.59
228.36,141.97

236.40,142.54
234.53,145.59
232.35,142.33

244.46,133.81
246.50,135.35
245.73,135.56

244.46,133.81
247.28,135.12
246.50,135.35

256.27,137.85
253.24,144.63
250.03,140.53

255.98,147.80
253.24,144.63
256.27,137.85

272.93,146.78
255.98,147.80
256.27,137.85

272.93,146.78
256.27,137.85
268.84,136.24

268.84,136.24
274.43,144.54
272.93,146.78

268.30,151.13
258.37,150.16
271.33,148.66

271.33,148.66
258.37,150.16
255.98,147.80

252.65,153.56
252.87,153.23
253.24,153.59

252.05,153.53
252.87,153.23
252.65,153.56

268.30,151.13
261.72,152.17
260.13,151.50

268.30,151.13
263.58,152.45
261.72,152.17

264.93,152.70
263.58,152.45
268.30,151.13

260.13,151.50
258.37,150.16
268.30,151.13

289.63,148.22
280.46,146.06
281.81,143.29

289.63,148.22
281.81,143.29
285.21,140.74

285.21,140.74
289.07,141.68
289.63,148.22

289.63,148.22
289.07,141.68
292.44,142.87

290.52,130.54
286.82,134.95
285.74,134.72

290.52,130.54
285.74,134.72
286.62,129.19

292.22,121.74
293.81,125.45
290.06,123.93

295.28,122.42
293.81,125.45
292.56,121.84

291.30,103.79
295.26,116.33
292.44,115.38

292.44,115.38
290.25,113.80
291.30,103.79

291.30,103.79
290.25,113.80
288.69,111.86

291.30,103.79
288.69,111.86
287.39,109.31

284.07,103.69
282.75,102.22
286.97,99.47

286.97,99.47
282.75,102.22
281.27,100.79

286.97,99.47
281.27,100.79
277.00,97.42

277.00,97.42
276.08,86.44
286.97,99.47

286.97,99.47
276.08,86.44
283.54,83.70

286.97,99.47
283.54,83.70
291.96,91.23

276.08,86.44
270.27,88.42
270.05,88.00

265.60,82.69
264.45,81.88
272.06,81.36

272.06,81.36
264.45,81.88
263.69,81.13

272.06,81.36
263.69,81.13
263.22,80.38

263.22,80.38
263.02,79.59
272.06,81.36

272.06,81.36
263.02,79.59
263.02,78.48

272.06,81.36
263.02,78.48
263.24,77.00

272.06,81.36
263.24,77.00
279.79,78.75

279.79,78.75
263.24,77.00
263.77,74.54

279.79,78.75
263.77,74.54
269.68,69.39

269.68,69.39
263.77,74.54
264.11,71.74

269.68,69.39
264.11,71.74
264.06,70.50

291.62,53.30
286.47,52.68
289.34,47.96

289.34,47.96
286.47,52.68
281.64,51.96

289.34,47.96
281.64,51.96
272.96,50.20

288.13,42.80
289.34,47.96
272.96,50.20

267.28,48.61
269.54,41.53
272.96,50.20

272.96,50.20
269.54,41.53
274.00,40.99

262.25,46.82
263.21,45.85
267.28,48.61

267.28,48.61
263.21,45.85
264.02,44.74

262.21,53.22
255.22,54.17
256.28,50.76

268.97,55.37
255.02,57.03
262.21,53.22

268.97,55.37
255.43,59.72
255.02,57.03

243.39,61.82
249.09,58.31
249.50,60.76

249.50,60.76
247.04,62.41
243.39,61.82

242.82,72.41
234.89,67.60
239.71,67.55

239.71,67.55
241.00,67.63
242.82,72.41

215.40,74.55
242.82,72.41
243.98,76.82

243.98,76.82
228.08,82.97
215.40,74.55

215.40,74.55
228.08,82.97
214.32,78.79

215.74,72.44
222.55,69.08
215.40,74.55

215.95,70.29
222.55,69.08
215.74,72.44

222.55,69.08
229.62,68.06
242.82,72.41

208.62,65.63
209.42,62.34
209.90,65.37

203.86,66.74
209.42,62.34
208.62,65.63

199.75,68.11
189.73,55.94
203.86,66.74

203.86,66.74
189.73,55.94
207.01,56.83

203.86,66.74
207.01,56.83
208.57,59.60

204.92,54.70
207.01,56.83
189.73,55.94

189.73,55.94
202.46,53.24
204.92,54.70

193.28,50.44
199.55,52.14
189.73,55.94

185.32,51.72
187.15,47.31
187.83,47.83

185.32,51.72
186.51,46.77
187.15,47.31

177.02,44.46
184.76,45.05
186.51,46.77

180.10,43.96
184.76,45.05
177.02,44.46

174.40,38.69
176.34,36.88
178.01,38.25

170.89,38.82
176.34,36.88
174.40,38.69

166.98,38.72
171.27,33.31
170.89,38.82

166.87,49.94
170.65,44.82
173.94,44.73

185.32,51.72
166.87,49.94
173.94,44.73

185.32,51.72
173.94,44.73
177.02,44.46

182.85,55.42
166.87,49.94
185.32,51.72

177.69,62.58
164.13,52.90
182.85,55.42

161.27,55.39
164.13,52.90
177.69,62.58

177.69,62.58
158.30,57.37
161.27,55.39

158.30,57.37
161.33,68.23
155.21,58.83

155.21,58.83
161.33,68.23
150.36,60.01

142.53,53.38
151.19,53.79
147.02,54.14

144.82,60.98
145.45,60.04
150.36,60.01

150.36,60.01
144.17,61.95
144.82,60.98

142.34,64.77
143.94,67.93
140.37,67.86

145.64,73.96
141.59,73.98
141.47,73.88

145.64,73.96
144.67,76.23
141.59,73.98

133.29,73.79
135.55,76.56
130.09,73.84

130.09,73.84
135.55,76.56
125.27,74.13

133.35,67.79
130.34,67.83
136.38,62.95

136.38,62.95
130.34,67.83
124.12,68.22

104.94,58.07
124.12,68.22
118.57,69.40

104.94,58.07
118.57,69.40
109.97,68.54

104.94,58.07
109.97,68.54
102.71,60.80

102.71,60.80
104.66,66.47
101.05,63.08

101.05,63.08
104.66,66.47
99.69,65.20

92.54,71.09
95.97,70.81
96.74,70.86

92.54,71.09
96.74,70.86
99.54,71.29

99.54,71.29
90.64,71.67
92.54,71.09

91.73,65.14
94.74,61.80
93.01,64.94

87.74,65.57
94.74,61.80
91.73,65.14

106.69,79.68
85.30,75.07
88.06,73.02

102.68,72.15
106.69,79.68
88.06,73.02

102.68,72.15
88.06,73.02
99.54,71.29

109.94,75.13
106.69,79.68
106.15,73.43

103.98,84.87
81.69,78.45
106.69,79.68

81.69,78.45
103.98,84.87
95.72,88.55

95.72,88.55
88.33,88.81
81.69,78.45

81.69,78.45
88.33,88.81
77.89,82.40

75.32,76.39
75.84,72.83
79.16,72.52

75.32,76.39
72.70,73.02
75.84,72.83

69.45,73.06
71.09,73.07
70.33,76.09

63.27,87.27
65.31,83.03
65.21,86.15

59.67,87.97
65.31,83.03
61.50,87.84

57.58,87.65
65.31,83.03
59.67,87.97

63.45,93.55
66.07,92.58
78.35,93.64

78.35,93.64
66.15,97.38
63.45,93.55

63.45,93.55
66.15,97.38
64.04,96.84

63.45,93.55
64.04,96.84
60.12,93.97

66.05,104.12
67.69,105.30
67.98,109.33

67.98,109.33
67.69,105.30
71.50,108.09

67.98,109.33
71.50,108.09
72.43,117.20

62.30,111.32
53.25,106.83
60.82,107.50

60.82,107.50
53.25,106.83
56.64,104.96

60.82,107.50
56.64,104.96
59.69,103.52

64.48,115.66
55.18,122.01
62.30,111.32

64.48,115.66
59.12,124.01
55.18,122.01

59.90,124.31
66.87,119.64
63.15,125.41

63.15,125.41
66.87,119.64
68.85,122.77

63.15,125.41
68.85,122.77
66.62,126.59

64.22,132.10
64.46,132.19
69.29,141.67

69.29,141.67
64.46,132.19
67.47,133.51

69.29,141.67
67.47,133.51
70.37,135.31

70.37,135.31
73.16,137.61
69.29,141.67

69.29,141.67
73.16,137.61
76.12,140.43

69.29,141.67
76.12,140.43
74.39,144.53

74.39,144.53
76.12,140.43
79.94,144.12

104.61,134.20
92.88,135.78
96.80,134.07

104.61,134.20
96.80,134.07
100.79,132.23

118.16,132.47
117.70,134.42
117.34,134.13

118.04,134.72
117.70,134.42
118.16,132.47

118.04,134.72
118.16,132.47
120.24,137.09

124.24,146.78
118.53,147.17
119.48,146.34

124.24,146.78
119.48,146.34
122.05,146.05

148.61,145.01
144.92,143.17
148.39,142.38

148.39,142.38
151.87,141.87
148.61,145.01

148.61,145.01
151.87,141.87
154.75,141.84

154.75,141.84
151.87,141.87
154.67,141.83

160.65,133.79
156.86,136.06
151.72,135.86

160.65,133.79
151.72,135.86
148.67,134.34

148.67,134.34
158.64,132.64
160.65,133.79

160.25,137.00
163.96,135.00
167.86,135.91

160.25,137.00
167.86,135.91
168.50,137.27

168.50,137.27
165.05,138.08
160.25,137.00

160.25,137.00
165.05,138.08
164.24,138.30

160.25,137.00
164.24,138.30
163.42,138.54

164.59,146.54
156.32,147.73
162.59,145.11

179.48,132.16
169.38,130.09
169.97,121.80

184.68,129.82
179.48,132.16
169.97,121.80

169.97,121.80
187.61,126.95
184.68,129.82

195.56,146.10
195.14,143.11
200.72,142.61

200.72,142.61
201.40,142.53
195.56,146.10

195.56,146.10
201.40,142.53
202.09,142.45

219.14,135.30
215.66,135.15
215.40,135.02

219.14,135.30
215.40,135.02
215.13,134.89

214.89,135.03
212.64,135.38
215.13,134.89

215.13,134.89
212.64,135.38
210.87,135.49

215.13,134.89
210.87,135.49
201.74,131.25

201.74,131.25
213.27,130.46
215.13,134.89

215.13,134.89
213.27,130.46
218.03,130.41

210.99,122.24
221.72,123.97
217.48,124.43

210.99,122.24
217.48,124.43
210.08,123.15

213.42,119.66
226.02,123.07
210.99,122.24

213.42,119.66
225.02,118.91
226.02,123.07

226.02,123.07
225.02,118.91
232.47,120.95

237.84,129.66
222.84,129.87
230.66,127.97

237.84,129.66
230.66,127.97
238.05,127.31

238.98,136.26
239.09,136.51
234.77,136.47

252.23,133.16
243.98,132.29
243.82,130.29

252.23,133.16
243.82,130.29
243.97,128.36

243.97,128.36
244.36,126.15
252.23,133.16

256.90,130.01
252.23,133.16
244.36,126.15

256.90,130.01
244.36,126.15
247.30,120.14

247.30,120.14
248.78,119.22
256.90,130.01

256.90,130.01
248.78,119.22
261.37,127.54

262.89,133.84
263.23,133.60
268.84,136.24

268.84,136.24
262.54,134.08
262.89,133.84

274.54,138.25
275.83,141.93
268.84,136.24

274.54,138.25
275.82,138.61
275.83,141.93

275.83,141.93
275.82,138.61
277.10,138.95

278.80,133.20
277.92,132.97
280.41,128.40

280.41,128.40
277.92,132.97
277.05,132.73

280.41,128.40
277.05,132.73
278.41,128.45

286.72,118.70
283.52,122.57
286.33,118.35

286.33,118.35
283.52,122.57
285.95,117.99

283.29,114.54
279.77,122.40
275.98,122.64

284.52,116.35
279.77,122.40
283.29,114.54

285.95,117.99
279.77,122.40
284.52,116.35

278.53,110.88
279.01,107.01
280.34,108.65

278.53,110.88
277.40,105.38
279.01,107.01

277.40,105.38
267.96,104.32
274.38,102.93

274.38,102.93
267.96,104.32
270.27,101.23

274.38,102.93
270.27,101.23
270.48,100.85

270.48,100.85
270.68,100.47
274.38,102.93

271.98,94.27
271.49,91.51
277.00,97.42

271.49,91.51
270.47,88.84
276.08,86.44

276.64,113.10
264.94,107.11
267.96,104.32

269.24,120.85
264.94,107.11
276.64,113.10

265.34,124.37
256.88,113.61
269.24,120.85

261.37,127.54
256.88,113.61
265.34,124.37

273.17,129.23
273.48,131.59
269.96,130.19

276.39,128.63
273.48,131.59
273.17,129.23

276.39,128.63
277.05,132.73
273.48,131.59

269.24,120.85
256.88,113.61
264.94,107.11

265.19,98.02
263.61,100.17
241.51,90.91

241.51,90.91
252.05,89.10
265.19,98.02

265.19,98.02
252.05,89.10
265.84,96.43

265.84,96.43
252.05,89.10
266.01,94.87

266.01,94.87
252.05,89.10
257.69,89.24

266.01,94.87
257.69,89.24
265.64,92.89

265.64,92.89
257.69,89.24
264.61,90.56

264.61,90.56
257.69,89.24
263.62,88.97

257.96,83.24
250.36,83.00
257.09,80.52

257.09,80.52
250.36,83.00
250.34,79.38

257.09,80.52
250.34,79.38
257.04,77.86

257.04,77.86
250.34,79.38
249.86,75.61

257.04,77.86
249.86,75.61
257.42,75.51

260.37,64.79
258.55,64.04
263.52,64.51

263.52,64.51
258.55,64.04
257.18,62.96

263.52,64.51
257.18,62.96
267.11,63.84

273.70,61.98
276.01,57.03
280.99,59.44

280.99,59.44
276.01,57.03
283.86,58.38

273.70,61.98
268.97,55.37
276.01,57.03

267.11,63.84
268.97,55.37
273.70,61.98

267.11,63.84
257.18,62.96
256.16,61.54

267.11,63.84
256.16,61.54
255.43,59.72

251.17,69.60
249.04,72.21
247.91,68.76

251.17,69.60
249.86,75.61
249.04,72.21

244.36,79.82
244.37,82.65
237.95,82.52

244.36,79.82
237.95,82.52
243.98,76.82

214.32,78.79
221.67,83.23
215.26,83.03

215.26,83.03
212.72,82.73
214.32,78.79

209.00,75.63
207.48,72.02
209.80,71.51

209.00,75.63
203.06,73.26
207.48,72.02

201.66,78.98
199.47,74.92
203.06,73.26

201.66,78.98
198.35,75.61
199.47,74.92

191.60,73.18
189.94,72.39
195.62,70.24

195.62,70.24
189.94,72.39
188.21,71.66

195.62,70.24
188.21,71.66
183.04,65.47

183.04,65.47
186.23,61.07
195.62,70.24

195.62,70.24
186.23,61.07
199.75,68.11

172.75,68.69
167.23,68.40
177.69,62.58

171.47,74.62
154.73,82.79
164.55,74.32

164.55,74.32
154.73,82.79
148.33,78.57

164.55,74.32
148.33,78.57
144.67,76.23

149.90,89.48
146.99,84.80
151.55,87.91

143.73,95.10
146.99,84.80
148.19,91.07

124.91,95.80
146.99,84.80
143.73,95.10

143.73,95.10
127.81,97.02
124.91,95.80

116.04,92.16
138.39,79.11
124.91,95.80

112.67,81.46
138.39,79.11
116.04,92.16

112.67,81.46
116.04,92.16
110.40,85.40

117.87,76.22
138.39,79.11
115.07,78.42

121.33,74.83
138.39,79.11
117.87,76.22

125.27,74.13
138.39,79.11
121.33,74.83

112.44,69.68
116.73,70.10
115.00,70.97

112.44,69.68
118.57,69.40
116.73,70.10

110.12,89.52
108.75,88.83
110.40,85.40

110.40,85.40
111.83,90.32
110.12,89.52

95.72,88.55
103.42,86.06
102.87,87.26

77.89,82.40
81.31,88.07
73.99,86.46

71.07,79.93
71.61,80.31
71.39,80.54

71.07,79.93
71.39,80.54
71.17,80.77

70.95,79.09
71.61,80.31
71.07,79.93

70.95,79.09
75.32,76.39
71.61,80.31

70.33,76.09
75.32,76.39
70.95,79.09

83.17,94.40
68.06,98.29
78.35,93.64

83.17,94.40
73.10,101.86
68.06,98.29

73.10,101.86
94.99,104.60
76.53,104.27

76.53,104.27
94.99,104.60
80.49,106.68

72.43,117.20
76.30,111.20
81.82,114.08

81.82,114.08
74.60,120.66
72.43,117.20

81.82,114.08
76.35,124.20
74.60,120.66

68.89,127.53
70.35,125.43
70.96,126.96

68.89,127.53
70.96,126.96
71.18,128.10

71.18,128.10
71.16,128.69
68.89,127.53

77.15,129.10
85.44,132.33
78.84,134.71

77.15,129.10
78.84,134.71
76.19,132.28

87.70,116.42
77.04,126.60
76.35,124.20

87.70,116.42
91.86,121.66
77.04,126.60

91.86,121.66
85.44,132.33
77.04,126.60

91.86,121.66
92.39,129.46
85.44,132.33

93.83,125.52
92.39,129.46
91.86,121.66

94.02,128.74
93.83,125.52
94.72,126.80

94.02,128.74
94.72,126.80
95.68,127.99

104.07,127.20
100.83,124.73
108.58,119.33

112.55,122.52
104.07,127.20
108.58,119.33

112.55,122.52
108.58,119.33
110.17,119.43

110.17,119.43
111.76,119.57
112.55,122.52

113.11,127.56
107.39,128.86
113.01,125.15

113.01,125.15
107.39,128.86
104.07,127.20

112.84,129.47
107.39,128.86
113.11,127.56

112.23,131.01
111.06,130.47
112.84,129.47

112.84,129.47
111.06,130.47
107.39,128.86

118.73,130.67
119.12,126.96
128.47,123.16

132.49,137.46
118.73,130.67
128.47,123.16

132.49,137.46
128.47,123.16
132.83,124.33

132.49,137.46
132.83,124.33
137.05,131.50

137.05,131.50
137.26,133.69
132.49,137.46

126.63,141.22
132.49,137.46
128.93,141.63

123.32,140.16
120.24,137.09
124.53,140.55

124.53,140.55
120.24,137.09
132.49,137.46

121.98,139.85
120.24,137.09
123.32,140.16

121.19,145.81
120.14,145.90
120.70,145.74

122.05,146.05
120.14,145.90
121.19,145.81

124.53,140.55
132.49,137.46
126.63,141.22

137.30,133.66
137.28,133.67
137.05,131.50

143.00,130.39
142.99,129.72
148.32,127.94

148.32,127.94
142.99,129.72
142.99,129.03

148.32,127.94
142.99,129.03
143.04,127.94

143.04,127.94
143.14,126.80
148.32,127.94

144.89,121.04
146.96,116.10
145.78,121.24

145.78,121.24
146.96,116.10
148.51,116.05

145.78,121.24
148.51,116.05
150.70,122.33

150.70,122.33
148.51,116.05
150.03,115.78

150.70,122.33
150.03,115.78
160.46,121.39

160.46,121.39
154.90,123.53
150.70,122.33

145.21,136.00
145.81,136.79
142.14,137.70

145.21,136.00
151.72,135.86
145.81,136.79

156.59,131.14
157.10,131.52
148.67,134.34

156.70,124.25
155.83,123.88
160.46,121.39

160.46,121.39
153.15,114.46
164.16,118.62

164.16,118.62
153.15,114.46
158.36,112.21

164.16,118.62
158.36,112.21
160.61,111.96

164.16,118.62
160.61,111.96
171.49,113.34

164.19,128.78
162.05,127.71
169.97,121.80

169.97,121.80
166.46,129.46
164.19,128.78

183.51,112.18
189.68,123.82
169.97,121.80

191.14,120.30
189.68,123.82
183.51,112.18

183.51,112.18
192.43,116.16
191.14,120.30

198.86,115.77
203.14,121.55
196.28,123.72

196.28,123.72
203.14,121.55
197.62,126.88

196.28,123.72
197.62,126.88
194.60,127.32

194.60,127.32
197.62,126.88
192.23,130.78

189.94,133.19
188.03,135.85
187.24,135.42

188.76,136.21
188.03,135.85
189.94,133.19

189.94,133.19
188.88,136.26
188.76,136.21

189.94,133.19
189.00,136.32
188.88,136.26

192.23,130.78
189.00,136.32
189.94,133.19

192.23,130.78
197.62,126.88
189.00,136.32

202.81,130.19
208.55,130.03
201.74,131.25

202.81,130.19
203.90,129.13
208.55,130.03

210.08,123.15
213.30,124.45
209.17,124.06

202.70,107.55
212.18,111.62
208.29,116.38

208.29,116.38
200.50,111.66
202.70,107.55

204.71,104.56
206.43,104.21
202.70,107.55

206.43,104.21
208.22,103.75
212.18,111.62

212.18,111.62
208.22,103.75
212.52,102.37

212.18,111.62
212.52,102.37
215.15,106.44

215.71,116.94
219.82,118.37
213.42,119.66

232.47,120.95
230.69,118.73
234.95,118.35

234.95,118.35
239.05,117.92
232.47,120.95

244.40,111.41
253.51,108.63
248.74,111.24

248.74,111.24
253.51,108.63
249.92,111.25

235.55,93.15
261.06,102.53
257.11,105.82

235.55,93.15
257.11,105.82
229.64,95.50

241.51,90.91
261.11,102.49
235.55,93.15

241.51,90.91
261.15,102.45
261.11,102.49

247.42,88.83
249.69,88.97
241.51,90.91

227.28,89.98
227.17,89.03
230.04,88.87

227.28,89.98
224.15,89.17
227.17,89.03

220.43,92.80
218.17,89.21
224.15,89.17

212.10,88.70
218.17,89.21
220.43,92.80

204.37,93.86
212.10,88.70
220.43,92.80

204.37,93.86
220.43,92.80
213.96,95.42

213.96,95.42
209.25,97.15
204.37,93.86

204.37,93.86
209.25,97.15
205.18,98.34

204.37,93.86
205.18,98.34
199.44,99.04

206.72,81.25
206.54,81.19
207.22,80.32

207.22,80.32
206.54,81.19
206.36,81.13

207.22,80.32
206.36,81.13
201.66,78.98

201.66,78.98
207.68,79.36
207.22,80.32

209.00,75.63
207.68,79.36
201.66,78.98

192.91,80.80
191.90,80.71
192.27,80.42

193.55,81.19
191.90,80.71
192.91,80.80

193.55,81.19
186.12,84.79
191.90,80.71

186.32,77.37
181.86,80.41
186.13,77.29

186.13,77.29
181.86,80.41
182.14,76.05

182.14,76.05
181.86,80.41
177.47,75.19

183.04,65.47
184.25,70.40
179.90,69.49

177.47,75.19
181.86,80.41
171.47,74.62

181.86,80.41
172.50,85.72
154.73,82.79

154.73,82.79
172.50,85.72
157.11,84.74

155.97,92.00
157.79,93.54
153.26,94.56

153.26,94.56
157.79,93.54
156.97,97.69

153.26,94.56
156.97,97.69
150.37,97.22

150.37,97.22
156.97,97.69
155.75,101.46

150.37,97.22
155.75,101.46
146.33,100.74

134.69,101.20
133.97,100.55
138.90,98.80

138.90,98.80
133.97,100.55
130.25,98.15

138.90,98.80
130.25,98.15
143.73,95.10

124.94,104.70
125.88,102.73
128.02,103.75

121.88,105.73
122.56,101.32
124.94,104.70

121.88,105.73
118.55,99.69
122.56,101.32

101.34,105.25
113.49,97.60
118.55,99.69

101.34,105.25
118.55,99.69
118.13,107.42

118.13,107.42
114.86,109.78
101.34,105.25

101.34,105.25
114.86,109.78
113.31,111.55

101.34,105.25
113.31,111.55
110.98,113.48

110.98,113.48
99.22,112.80
101.34,105.25

101.34,105.25
99.22,112.80
98.43,112.71

101.34,105.25
98.43,112.71
97.63,112.60

105.52,96.13
108.89,95.58
104.71,97.95

104.71,97.95
108.89,95.58
113.49,97.60

106.30,94.33
108.89,95.58
105.52,96.13

99.88,94.02
99.04,95.93
93.99,94.72

93.99,94.72
99.04,95.93
98.18,97.86

93.99,94.72
98.18,97.86
87.93,94.80

87.93,94.80
98.18,97.86
73.10,101.86

90.27,110.94
94.99,104.60
91.51,111.31

98.40,118.74
98.34,121.36
97.11,118.59

103.69,119.13
98.34,121.36
98.40,118.74

119.37,113.79
120.86,114.99
118.61,114.52

121.34,112.50
120.86,114.99
119.37,113.79

137.49,112.16
123.98,111.35
128.34,109.94

128.34,109.94
134.45,109.52
137.49,112.16

141.14,114.49
134.57,118.59
137.49,112.16

141.14,114.49
136.75,119.15
134.57,118.59

134.57,118.59
120.86,114.99
123.98,111.35

123.17,121.74
118.75,122.99
118.25,120.57

123.17,121.74
119.12,126.96
118.75,122.99

137.26,125.46
137.07,127.36
132.83,124.33

132.83,124.33
137.07,127.36
136.99,129.25

138.94,119.68
136.75,119.15
141.14,114.49

146.33,100.74
148.71,109.92
147.18,110.11

147.18,110.11
145.44,109.80
146.33,100.74

146.33,100.74
145.44,109.80
143.44,108.92

146.33,100.74
143.44,108.92
141.74,104.12

141.74,104.12
143.44,108.92
141.35,107.56

141.74,104.12
141.35,107.56
139.11,105.67

133.24,108.33
133.83,108.91
128.34,109.94

146.33,100.74
150.28,109.19
148.71,109.92

151.86,107.86
150.28,109.19
146.33,100.74

146.33,100.74
153.97,105.06
151.86,107.86

158.36,112.21
155.80,112.41
156.11,112.09

162.99,104.98
160.66,105.23
160.94,104.58

162.99,104.98
160.94,104.58
166.29,103.68

160.35,105.87
160.66,105.23
160.39,105.87

171.49,113.34
163.85,111.07
167.14,109.80

167.14,109.80
170.40,108.53
171.49,113.34

171.49,113.34
170.40,108.53
178.50,108.38

178.50,108.38
170.40,108.53
174.09,107.30

178.50,108.38
174.09,107.30
182.57,105.44

193.09,104.82
193.99,111.63
188.34,108.62

188.34,108.62
193.99,111.63
183.51,112.18

197.24,105.00
193.99,111.63
193.09,104.82

193.16,96.75
192.03,97.79
185.92,99.02

185.92,99.02
179.93,88.58
193.16,96.75

193.16,96.75
179.93,88.58
198.12,91.79

198.12,91.79
179.93,88.58
186.12,84.79

198.12,91.79
186.12,84.79
197.76,83.70

197.76,83.70
202.55,86.07
198.12,91.79

198.12,91.79
202.55,86.07
203.00,86.26

185.92,99.02
173.96,91.68
179.93,88.58

170.25,102.23
163.64,94.99
168.19,94.00

170.25,102.23
168.19,94.00
174.85,100.87

174.85,100.87
173.96,91.68
180.37,99.71

174.85,100.87
168.19,94.00
173.96,91.68

170.25,102.23
162.57,99.97
163.64,94.99

160.18,87.72
166.15,88.35
164.46,88.81

160.18,87.72
164.46,88.81
161.02,88.47

161.02,88.47
163.05,89.01
162.11,88.98

161.02,88.47
164.46,88.81
163.05,89.01

160.18,87.72
168.10,87.66
166.15,88.35

159.03,86.56
168.10,87.66
160.18,87.72

159.03,86.56
172.50,85.72
168.10,87.66

166.29,103.68
162.57,99.97
170.25,102.23

180.37,99.71
173.96,91.68
185.92,99.02

185.92,99.02
192.03,97.79
190.90,98.80

166.29,103.68
160.94,104.58
162.57,99.97

160.39,105.87
160.66,105.23
162.99,104.98

128.34,109.94
133.83,108.91
134.45,109.52

137.49,112.16
134.57,118.59
123.98,111.35

123.98,111.35
120.86,114.99
121.34,112.50

103.69,119.13
100.83,124.73
98.34,121.36

85.28,109.06
94.99,104.60
90.27,110.94

110.98,113.48
113.31,111.55
112.07,113.57

104.71,97.95
113.49,97.60
101.34,105.25

118.13,107.42
118.55,99.69
121.88,105.73

124.94,104.70
122.56,101.32
125.88,102.73

146.33,100.74
155.75,101.46
153.97,105.06

157.11,84.74
172.50,85.72
159.03,86.56

197.76,83.70
186.12,84.79
193.55,81.19

239.39,111.85
220.71,108.68
222.03,105.27

239.39,111.85
222.03,105.27
223.05,101.68

223.05,101.68
244.40,111.41
239.39,111.85

223.96,112.86
220.71,108.68
227.84,112.88

220.83,112.44
220.71,108.68
223.96,112.86

219.10,111.91
220.71,108.68
220.83,112.44

223.05,101.68
229.64,95.50
244.40,111.41

223.77,97.91
229.64,95.50
223.05,101.68

227.84,112.88
220.71,108.68
239.39,111.85

209.18,88.17
212.10,88.70
204.37,93.86

220.43,92.80
224.15,89.17
227.28,89.98

229.64,95.50
257.11,105.82
253.51,108.63

235.55,93.15
261.11,102.49
261.06,102.53

229.64,95.50
253.51,108.63
244.40,111.41

215.15,106.44
212.52,102.37
217.14,100.62

208.29,116.38
198.86,115.77
200.50,111.66

202.70,107.55
206.43,104.21
212.18,111.62

198.03,136.88
196.29,137.03
198.98,134.10

198.98,134.10
204.06,136.17
198.03,136.88

198.98,134.10
210.87,135.49
204.06,136.17

203.14,121.55
198.86,115.77
208.29,116.38

183.51,112.18
193.99,111.63
192.43,116.16

171.49,113.34
160.61,111.96
163.85,111.07

153.15,114.46
155.80,112.41
158.36,112.21

160.46,121.39
155.83,123.88
154.90,123.53

160.46,121.39
150.03,115.78
153.15,114.46

137.05,131.50
137.28,133.67
137.26,133.69

132.83,124.33
136.99,129.25
137.05,131.50

120.24,137.09
118.73,130.67
132.49,137.46

128.47,123.16
119.12,126.96
123.17,121.74

113.01,125.15
104.07,127.20
112.55,122.52

108.58,119.33
100.83,124.73
103.69,119.13

92.39,129.46
93.83,125.52
94.02,128.74

90.47,117.25
91.86,121.66
87.70,116.42

77.04,126.60
85.44,132.33
77.15,129.10

66.62,126.59
70.35,125.43
68.89,127.53

87.70,116.42
76.35,124.20
81.82,114.08

80.49,106.68
94.99,104.60
85.28,109.06

98.18,97.86
94.99,104.60
73.10,101.86

87.93,94.80
73.10,101.86
83.17,94.40

110.40,85.40
116.04,92.16
111.83,90.32

115.07,78.42
138.39,79.11
112.67,81.46

143.73,95.10
130.25,98.15
127.81,97.02

124.91,95.80
138.39,79.11
146.99,84.80

148.19,91.07
146.99,84.80
149.90,89.48

171.47,74.62
181.86,80.41
154.73,82.79

183.04,65.47
188.21,71.66
184.25,70.40

197.22,76.40
198.35,75.61
201.66,78.98

201.66,78.98
203.06,73.26
209.00,75.63

254.64,70.36
249.86,75.61
251.17,69.60

257.42,75.51
254.64,70.36
256.30,70.60

256.30,70.60
257.85,73.54
257.42,75.51

256.30,70.60
258.09,71.99
257.85,73.54

258.06,70.75
258.09,71.99
256.30,70.60

257.42,75.51
249.86,75.61
254.64,70.36

241.51,90.91
249.69,88.97
252.05,89.10

241.51,90.91
263.61,100.17
261.15,102.45

276.64,113.10
267.96,104.32
277.40,105.38

276.64,113.10
277.40,105.38
278.53,110.88

285.95,117.99
283.52,122.57
279.77,122.40

278.41,128.45
277.05,132.73
276.39,128.63

284.12,140.51
281.81,143.29
283.01,140.28

261.37,127.54
248.78,119.22
256.88,113.61

247.30,120.14
244.36,126.15
245.81,121.03

257.39,130.29
252.23,133.16
256.90,130.01

247.28,135.12
243.98,132.29
252.23,133.16

238.05,127.31
230.66,127.97
238.48,124.89

232.47,120.95
225.02,118.91
230.69,118.73

213.42,119.66
219.82,118.37
225.02,118.91

210.08,123.15
217.48,124.43
213.30,124.45

210.99,122.24
226.02,123.07
221.72,123.97

201.74,131.25
208.55,130.03
213.27,130.46

201.74,131.25
210.87,135.49
198.98,134.10

214.89,135.03
214.65,135.17
212.64,135.38

212.64,135.38
214.65,135.17
214.41,135.31

215.92,135.28
215.66,135.15
219.14,135.30

169.97,121.80
189.68,123.82
187.61,126.95

180.71,132.53
179.48,132.16
184.68,129.82

169.97,121.80
169.38,130.09
166.46,129.46

168.50,137.27
167.86,135.91
171.96,136.67

156.86,136.06
163.96,135.00
160.25,137.00

148.67,134.34
157.10,131.52
158.64,132.64

148.67,134.34
151.72,135.86
145.21,136.00

163.96,135.00
156.86,136.06
160.65,133.79

122.05,146.05
119.48,146.34
120.14,145.90

124.24,146.78
116.50,149.24
118.53,147.17

120.24,137.09
118.16,132.47
118.73,130.67

66.62,126.59
68.85,122.77
70.35,125.43

66.87,119.64
59.90,124.31
64.48,115.66

64.48,115.66
59.90,124.31
59.12,124.01

72.43,117.20
71.50,108.09
76.30,111.20

78.35,93.64
68.06,98.29
66.15,97.38

78.35,93.64
66.07,92.58
68.56,91.12

61.50,87.84
65.31,83.03
63.27,87.27

70.33,76.09
71.09,73.07
72.70,73.02

70.33,76.09
72.70,73.02
75.32,76.39

77.89,82.40
88.33,88.81
81.31,88.07

95.72,88.55
103.98,84.87
103.42,86.06

106.15,73.43
106.69,79.68
102.68,72.15

106.69,79.68
81.69,78.45
85.30,75.07

99.54,71.29
88.06,73.02
90.64,71.67

95.23,70.79
95.97,70.81
92.54,71.09

94.74,61.80
74.32,58.70
97.01,58.41

102.71,60.80
109.97,68.54
104.66,66.47

109.97,68.54
118.57,69.40
112.44,69.68

136.38,62.95
136.03,57.49
139.17,58.64

132.94,56.17
136.03,57.49
136.38,62.95

125.27,74.13
135.55,76.56
138.39,79.11

164.55,74.32
144.67,76.23
145.64,73.96

142.34,64.77
161.33,68.23
143.94,67.93

144.17,61.95
161.33,68.23
142.34,64.77

150.36,60.01
161.33,68.23
144.17,61.95

167.23,68.40
161.33,68.23
158.30,57.37

177.69,62.58
167.23,68.40
158.30,57.37

182.85,55.42
164.13,52.90
166.87,49.94

170.89,38.82
171.27,33.31
176.34,36.88

180.10,43.96
183.10,43.22
184.76,45.05

177.02,44.46
186.51,46.77
185.32,51.72

189.73,55.94
199.55,52.14
202.46,53.24

199.75,68.11
186.23,61.07
189.73,55.94

208.57,59.60
209.42,62.34
203.86,66.74

214.32,78.79
228.08,82.97
221.67,83.23

243.98,76.82
237.95,82.52
228.08,82.97

215.40,74.55
222.55,69.08
242.82,72.41

242.82,72.41
229.62,68.06
234.89,67.60

250.29,63.17
247.04,62.41
249.50,60.76

267.11,63.84
255.43,59.72
268.97,55.37

262.21,53.22
255.02,57.03
255.22,54.17

276.08,86.44
270.47,88.84
270.27,88.42

277.00,97.42
271.49,91.51
276.08,86.44

292.56,121.84
293.81,125.45
292.22,121.74

286.62,129.19
285.74,134.72
284.67,134.50

293.54,132.30
286.82,134.95
290.52,130.54

285.21,140.74
281.81,143.29
284.12,140.51

288.06,150.60
280.46,146.06
289.63,148.22

268.84,136.24
275.83,141.93
274.43,144.54

268.84,136.24
256.27,137.85
262.54,134.08

271.33,148.66
255.98,147.80
272.93,146.78

243.98,132.29
247.28,135.12
244.46,133.81

238.98,136.26
234.77,136.47
238.03,133.10

238.03,133.10
222.84,129.87
237.84,129.66

215.13,134.89
218.03,130.41
219.14,135.30

195.56,146.10
190.32,142.91
195.14,143.11

179.68,142.08
171.29,144.13
174.81,142.36

166.79,148.23
156.32,147.73
164.59,146.54

166.25,153.45
159.97,154.01
156.32,147.73

148.61,145.01
140.95,144.29
144.92,143.17

127.27,147.47
116.50,149.24
124.24,146.78

108.23,135.78
92.88,135.78
104.61,134.20

86.30,141.71
89.31,143.56
89.00,143.72

74.39,144.53
79.94,144.12
78.87,146.56

62.30,111.32
55.18,122.01
51.35,118.96

62.30,111.32
49.88,108.77
53.25,106.83

45.33,111.23
46.78,110.49
48.34,115.58

60.12,93.97
64.04,96.84
61.60,96.83

56.77,93.62
59.17,97.34
55.79,98.67

57.58,87.65
64.97,79.74
65.31,83.03

69.84,67.07
72.13,62.75
70.41,67.07

87.74,65.57
74.32,58.70
94.74,61.80

77.85,66.62
72.13,62.75
84.11,65.97

89.93,37.61
96.20,43.12
86.37,40.71

83.44,50.06
77.05,53.79
79.69,49.37

97.01,58.41
74.32,58.70
77.05,53.79

101.08,53.38
99.40,48.69
106.39,48.24

107.55,55.30
124.12,68.22
104.94,58.07

136.38,62.95
124.12,68.22
132.94,56.17

142.53,53.38
155.22,52.22
151.19,53.79

162.03,38.31
171.27,33.31
166.98,38.72

154.37,36.81
165.83,30.10
157.34,37.57

191.49,43.09
192.29,39.82
193.28,44.07

195.32,44.78
195.70,38.32
197.89,45.48

201.84,46.57
199.43,36.62
203.51,34.71

209.13,50.40
225.55,45.83
217.58,52.05

216.39,64.09
217.50,61.28
217.37,63.91

224.38,62.71
219.23,58.84
221.66,56.45

243.39,61.82
249.02,55.81
249.09,58.31

231.76,61.80
226.70,52.52
237.83,61.53

249.02,55.81
232.07,48.12
249.85,50.88

244.90,44.26
235.57,44.33
239.20,40.59

267.28,48.61
264.02,44.74
269.54,41.53

272.96,50.20
274.00,40.99
288.13,42.80

269.68,69.39
275.77,67.62
279.79,78.75

291.96,91.23
283.54,83.70
290.85,80.43

296.01,83.51
295.19,78.32
297.65,80.14

303.38,83.69
303.75,92.87
303.07,88.14

312.24,75.93
305.33,97.96
304.70,79.28

291.30,103.79
297.49,116.60
295.26,116.33

296.26,95.82
299.02,98.13
294.73,98.41

300.05,116.61
299.02,98.13
304.88,112.65

295.28,122.42
297.09,127.45
293.81,125.45

304.30,122.23
299.53,129.74
298.14,122.65

301.22,132.52
299.53,129.74
304.30,122.23

293.54,132.30
291.14,136.02
286.82,134.95

295.85,135.48
291.14,136.02
295.59,134.62

288.06,150.60
278.77,148.91
280.46,146.06

284.97,154.12
276.88,151.45
278.77,148.91

278.39,156.91
274.80,153.66
276.88,151.45

252.05,153.53
252.50,152.85
252.87,153.23

240.01,142.47
234.53,145.59
236.40,142.54

248.47,148.28
240.61,149.35
246.18,145.39

207.23,146.43
222.60,155.11
199.06,151.02

167.64,159.37
164.80,162.76
160.62,160.12

130.35,157.16
113.93,151.71
137.12,152.66

98.46,149.21
108.24,148.53
100.35,149.82

91.79,145.38
111.14,137.19
110.39,146.82

72.14,150.12
58.65,151.68
62.55,149.39

80.14,153.27
55.15,154.05
77.05,152.29

67.67,161.32
55.15,154.05
80.14,153.27

67.67,161.32
80.14,153.27
74.46,161.32

60.14,161.66
60.60,161.73
60.38,161.75

59.89,161.58
60.60,161.73
60.14,161.66

62.95,171.25
63.99,167.48
70.04,167.29

54.47,140.18
51.14,128.00
55.91,129.22

40.84,144.30
38.10,138.27
47.47,141.63

27.55,102.79
48.34,102.73
44.73,104.78

31.25,95.97
55.79,98.67
52.42,100.41

32.35,86.69
31.12,79.11
36.61,83.12

46.55,80.30
49.80,84.35
46.21,82.26

58.40,71.90
53.94,86.40
49.80,84.35

48.94,72.11
51.41,70.42
53.55,70.92

58.66,65.85
67.01,59.60
63.32,66.59

51.10,64.14
47.79,60.35
53.62,64.78

72.64,49.42
69.04,39.96
71.34,41.78

60.75,36.99
63.80,37.57
70.46,53.27

76.30,38.22
82.07,36.54
78.45,40.63

71.34,34.32
86.48,32.70
73.93,36.11

86.48,32.70
84.73,27.67
90.11,30.20

82.90,21.60
108.06,21.11
90.64,21.81

89.93,37.61
101.69,42.34
96.20,43.12

99.19,32.03
119.39,40.30
94.12,34.77

107.68,41.99
116.89,41.42
114.52,42.65

137.43,51.57
159.30,49.22
157.25,50.91

161.42,47.07
157.32,43.68
160.40,44.16

133.88,42.41
138.78,41.75
131.99,49.11

153.10,42.70
143.97,41.38
149.45,41.30

135.96,36.04
142.64,33.91
142.20,35.46

148.35,31.80
160.90,27.65
165.83,30.10

184.82,36.35
182.05,33.81
189.27,34.58

194.49,32.28
188.31,26.87
198.72,30.33

203.51,34.71
207.94,32.59
225.55,45.83

229.12,42.60
228.88,35.08
231.93,39.15

254.49,37.20
250.67,40.82
246.07,37.86

263.35,35.02
273.83,34.91
270.75,35.41

256.64,31.26
284.05,31.88
259.87,33.56

301.80,31.73
294.14,42.49
294.04,39.68

303.01,51.95
296.80,50.22
295.55,47.41

303.92,67.02
301.60,58.52
304.71,57.72

304.70,79.28
309.78,73.05
311.24,74.29

304.70,79.28
311.24,74.29
312.24,75.93

312.24,75.93
308.40,105.38
305.33,97.96

313.78,114.09
311.64,113.74
308.40,105.38

319.82,88.67
317.66,114.04
315.72,113.97

319.82,114.21
317.66,114.04
319.82,88.67

307.60,121.65
308.13,124.53
305.93,121.97

308.49,127.51
301.22,132.52
304.30,122.23

308.39,137.68
301.64,137.75
301.82,135.10

302.91,143.76
307.61,143.17
304.67,146.46

298.83,148.39
295.57,149.95
298.12,147.38

302.22,156.69
291.70,155.72
293.68,153.04

289.62,157.99
288.35,163.69
287.17,160.03

303.65,161.34
292.24,165.60
303.00,160.33

287.17,160.03
288.35,163.69
284.58,161.54

262.87,159.32
266.08,159.34
267.44,159.90

241.20,165.73
238.43,169.38
238.01,165.75

218.31,165.54
232.03,166.50
232.21,168.51

217.36,158.38
204.20,160.12
197.66,157.65

221.72,173.07
207.94,172.59
217.51,171.61

218.79,180.75
207.94,172.59
221.72,173.07

181.63,160.39
185.45,160.42
188.33,161.07

175.21,159.25
181.63,160.39
169.70,165.70

148.64,161.26
154.13,162.86
142.76,164.21

132.22,162.95
136.32,166.33
127.83,163.67

108.05,159.09
107.15,155.61
121.29,158.86

103.18,157.20
107.15,155.61
108.05,159.09

103.18,157.20
103.74,156.16
107.15,155.61

74.46,161.32
80.14,153.27
83.11,153.76

98.75,161.85
90.75,161.82
90.62,158.01

62.95,171.25
70.04,167.29
65.81,171.91

62.95,171.25
58.02,168.08
63.99,167.48

51.86,171.21
50.09,170.15
56.87,170.82

59.89,161.58
67.67,161.32
60.60,161.73

67.67,161.32
52.09,156.50
55.15,154.05

48.35,151.80
47.29,148.01
52.14,148.82

36.08,149.39
34.35,153.75
34.83,145.39

34.83,145.39
34.35,153.75
32.75,140.99

38.10,138.27
36.83,129.92
41.69,128.38

41.95,117.02
34.68,124.32
28.93,120.08

41.95,117.02
28.93,120.08
38.39,111.25

38.39,111.25
26.73,107.78
26.75,107.40

20.72,107.92
15.02,154.19
15.02,63.80

24.49,95.14
26.09,75.10
26.65,92.13

21.70,101.45
15.02,63.80
22.81,98.35

40.02,78.19
41.36,76.33
40.39,78.44

42.75,72.14
40.53,67.07
43.20,70.23

29.95,70.50
29.28,61.25
34.46,64.37

41.75,61.10
36.82,58.83
40.24,56.32

38.65,50.99
32.76,56.35
37.53,46.10

52.62,37.17
43.38,44.73
47.99,37.99

46.61,32.15
48.04,31.17
51.86,31.21

56.88,30.82
50.12,30.13
52.53,29.27

65.81,31.91
70.09,27.31
77.58,27.42

62.95,31.25
58.05,28.07
64.03,27.48

82.90,21.60
112.24,20.60
108.06,21.11

132.09,22.85
136.27,26.29
128.22,23.22

99.19,32.03
124.53,38.45
119.39,40.30

113.14,26.59
130.06,37.04
105.86,29.13

135.96,36.04
141.23,31.72
142.64,33.91

113.14,26.59
139.36,29.37
130.06,37.04

146.82,29.27
151.27,24.96
155.21,25.56

141.82,23.27
144.70,23.74
144.69,26.37

156.41,19.66
179.80,20.68
170.41,20.55

217.42,21.49
204.82,22.25
196.79,21.35

233.33,30.52
227.87,28.17
233.72,28.63

234.52,26.86
230.88,24.01
235.62,25.45

246.72,30.15
239.29,31.23
240.89,28.95

253.26,28.12
297.62,26.81
284.05,31.88

245.76,21.68
310.28,23.59
249.63,24.68

307.16,51.18
305.44,30.63
309.60,51.00

317.80,73.67
319.82,58.02
319.82,78.64

313.69,68.45
315.18,58.72
316.11,70.77

314.19,124.54
314.67,120.03
315.93,119.97

313.97,141.47
319.82,148.49
312.71,148.06

314.61,129.07
317.18,120.02
314.60,135.14

312.71,148.06
319.82,148.49
312.28,155.36

310.83,154.88
311.66,155.76
311.02,156.10

316.79,163.90
312.61,161.94
315.77,160.24

294.62,177.31
295.86,175.15
301.24,171.77

280.59,173.66
284.05,168.19
288.58,170.51

275.03,162.56
279.69,165.56
254.70,170.06

250.94,180.75
246.96,178.13
254.70,177.48

246.96,178.13
249.24,173.30
254.70,177.48

244.33,168.71
239.51,173.70
238.43,169.38

239.82,180.75
237.90,180.75
238.43,179.94

227.68,180.75
221.72,173.07
227.64,175.14

228.75,180.75
227.64,175.14
231.93,179.15

228.75,180.75
231.93,179.15
230.63,180.75

227.68,180.75
227.64,175.14
228.75,180.75

227.68,180.75
224.02,180.75
221.72,173.07

218.79,180.75
221.72,173.07
224.02,180.75

215.48,180.75
207.94,172.59
218.79,180.75

215.48,180.75
204.83,180.75
203.51,174.71

204.83,180.75
203.11,180.75
203.51,174.71

200.75,180.75
203.51,174.71
203.11,180.75

200.75,180.75
199.23,180.75
199.43,176.62

192.61,180.75
192.20,180.75
192.29,179.81

175.35,169.20
194.49,172.28
180.69,172.92

170.89,178.82
171.33,173.75
176.44,177.23

166.98,178.72
171.33,173.75
170.89,178.82

154.37,176.81
165.78,170.35
157.34,177.57

149.99,174.31
165.78,170.35
150.88,175.16

146.82,169.27
156.90,164.85
161.07,167.51

142.20,175.46
142.64,173.91
143.49,175.40

139.36,169.37
141.23,171.72
130.06,177.04

111.56,167.56
139.36,169.37
130.06,177.04

105.02,180.75
93.21,175.25
119.39,180.30

104.56,169.91
124.53,178.45
98.24,172.56

118.38,180.75
116.27,180.75
119.39,180.30

105.02,180.75
119.39,180.30
116.27,180.75

105.02,180.75
99.80,180.75
93.21,175.25

96.96,180.75
92.83,180.75
89.10,178.12

92.83,180.75
86.22,180.75
89.10,178.12

86.22,180.75
89.10,178.12
86.22,180.75

92.83,180.75
86.22,180.75
86.22,180.75

68.52,172.87
77.50,167.39
89.46,170.52

81.59,176.89
73.91,176.10
85.38,173.42

70.04,180.75
69.30,180.75
69.04,179.96

67.65,180.75
69.04,179.96
69.30,180.75

67.65,180.75
66.99,180.75
66.54,178.56

64.92,180.75
66.54,178.56
66.99,180.75

62.69,180.75
63.80,177.57
64.92,180.75

59.76,180.75
60.75,176.99
62.69,180.75

59.76,180.75
52.98,180.75
56.89,176.82

46.11,180.75
47.99,177.99
52.62,177.17

40.10,162.27
33.94,159.81
40.27,161.91

37.96,168.59
27.98,158.68
38.84,165.37

27.98,158.68
15.02,164.80
23.37,158.38

29.17,134.52
23.85,152.38
25.41,127.24

20.80,111.22
15.02,154.19
20.72,107.92

22.40,119.42
18.43,152.86
21.38,115.35

15.02,27.90
50.48,23.61
47.34,24.79

67.76,21.33
122.87,17.99
74.56,21.35

230.31,18.04
152.96,19.16
141.15,17.13

135.97,16.77
15.02,15.00
319.82,15.00

245.76,21.68
313.65,23.47
310.28,23.59

236.07,18.09
319.82,15.00
241.24,19.34

319.82,33.31
310.11,29.66
313.70,29.48

317.10,180.75
315.61,180.75
319.82,172.12

312.85,180.75
319.82,172.12
315.61,180.75

311.93,180.75
315.25,169.70
312.85,180.75

311.04,180.75
313.39,169.38
311.93,180.75

310.02,180.75
311.51,169.33
311.04,180.75

308.85,180.75
309.37,169.53
310.02,180.75

307.48,180.75
307.00,169.98
308.85,180.75

307.48,180.75
305.75,180.75
304.39,170.69

303.98,180.75
304.39,170.69
305.75,180.75

