num nodes, num configs
10
36
0
2.325,2.325,2.325,2.325,2.326,2.324,2.325,2.325,2.325
3.214,3.287,3.287,3.287,3.287,3.287,3.287,3.287,3.286

10
2.325,2.324,2.320,2.317,2.312,2.307,2.302,2.297,2.294
3.213,3.285,3.285,3.286,3.286,3.287,3.287,3.288,3.288

20
2.324,2.319,2.308,2.292,2.274,2.255,2.234,2.215,2.201
3.210,3.279,3.280,3.281,3.283,3.286,3.288,3.291,3.293

30
2.324,2.311,2.288,2.255,2.215,2.171,2.125,2.084,2.050
3.204,3.268,3.270,3.274,3.277,3.284,3.289,3.296,3.301

40
2.323,2.303,2.263,2.208,2.140,2.063,1.984,1.910,1.847
3.197,3.254,3.257,3.262,3.269,3.278,3.289,3.301,3.312

50
2.322,2.293,2.237,2.157,2.057,1.943,1.822,1.706,1.605
3.189,3.236,3.240,3.246,3.255,3.268,3.284,3.305,3.326

60
2.321,2.284,2.212,2.107,1.976,1.822,1.655,1.488,1.338
3.178,3.216,3.219,3.225,3.236,3.251,3.272,3.302,3.339

70
2.320,2.277,2.191,2.067,1.907,1.718,1.506,1.284,1.071
3.167,3.192,3.195,3.200,3.210,3.224,3.245,3.282,3.336

80
2.319,2.272,2.178,2.040,1.861,1.646,1.400,1.131,0.854
3.154,3.168,3.169,3.173,3.177,3.186,3.202,3.227,3.282

90
2.319,2.270,2.173,2.030,1.845,1.620,1.361,1.073,0.764
3.142,3.142,3.142,3.142,3.142,3.142,3.142,3.142,3.142

100
2.319,2.272,2.178,2.040,1.861,1.646,1.400,1.131,0.854
3.129,3.115,3.115,3.111,3.106,3.098,3.082,3.056,3.001

110
2.320,2.277,2.191,2.067,1.907,1.718,1.506,1.284,1.071
3.117,3.091,3.088,3.083,3.073,3.059,3.039,3.002,2.947

120
2.321,2.284,2.212,2.107,1.976,1.822,1.655,1.488,1.338
3.105,3.067,3.064,3.058,3.047,3.033,3.012,2.982,2.944

130
2.322,2.293,2.237,2.157,2.057,1.943,1.822,1.706,1.605
3.095,3.047,3.043,3.037,3.028,3.015,2.999,2.978,2.957

140
2.323,2.303,2.263,2.208,2.140,2.063,1.984,1.910,1.847
3.086,3.029,3.027,3.021,3.014,3.006,2.994,2.982,2.971

150
2.324,2.311,2.288,2.255,2.215,2.171,2.125,2.084,2.050
3.079,3.015,3.013,3.009,3.006,2.999,2.994,2.987,2.983

160
2.324,2.319,2.308,2.292,2.274,2.255,2.234,2.215,2.201
3.073,3.005,3.004,3.002,3.000,2.997,2.995,2.992,2.990

170
2.325,2.324,2.320,2.317,2.312,2.307,2.302,2.297,2.294
3.070,2.998,2.998,2.997,2.997,2.996,2.996,2.995,2.995

180
2.325,2.325,2.325,2.325,2.326,2.324,2.325,2.325,2.325
3.069,2.996,2.996,2.996,2.996,2.996,2.996,2.996,2.997

190
2.325,2.324,2.320,2.317,2.312,2.307,2.302,2.297,2.294
3.070,2.998,2.998,2.997,2.997,2.996,2.996,2.995,2.995

200
2.324,2.319,2.308,2.292,2.274,2.255,2.234,2.215,2.201
3.073,3.005,3.004,3.002,3.000,2.997,2.995,2.992,2.990

210
2.324,2.311,2.288,2.255,2.215,2.171,2.125,2.084,2.050
3.079,3.015,3.013,3.009,3.006,2.999,2.994,2.987,2.983

220
2.323,2.303,2.263,2.208,2.140,2.063,1.984,1.910,1.847
3.086,3.029,3.027,3.021,3.014,3.006,2.994,2.982,2.971

230
2.322,2.293,2.237,2.157,2.057,1.943,1.822,1.706,1.605
3.095,3.047,3.043,3.037,3.028,3.015,2.999,2.978,2.957

240
2.321,2.284,2.212,2.107,1.976,1.822,1.655,1.488,1.338
3.105,3.067,3.064,3.058,3.047,3.033,3.012,2.982,2.944

250
2.320,2.277,2.191,2.067,1.907,1.718,1.506,1.284,1.071
3.117,3.091,3.088,3.083,3.073,3.059,3.039,3.002,2.947

260
2.319,2.272,2.178,2.040,1.861,1.646,1.400,1.131,0.854
3.129,3.115,3.115,3.111,3.106,3.098,3.082,3.056,3.001

270
2.319,2.270,2.173,2.030,1.845,1.620,1.361,1.073,0.764
3.142,3.142,3.142,3.142,3.142,3.142,3.142,3.142,3.142

280
2.319,2.272,2.178,2.040,1.861,1.646,1.400,1.131,0.854
3.154,3.168,3.169,3.173,3.177,3.186,3.202,3.227,3.282

290
2.320,2.277,2.191,2.067,1.907,1.718,1.506,1.284,1.071
3.167,3.192,3.195,3.200,3.210,3.224,3.245,3.282,3.336

300
2.321,2.284,2.212,2.107,1.976,1.822,1.655,1.488,1.338
3.178,3.216,3.219,3.225,3.236,3.251,3.272,3.302,3.339

310
2.322,2.293,2.237,2.157,2.057,1.943,1.822,1.706,1.605
3.189,3.236,3.240,3.246,3.255,3.268,3.284,3.305,3.326

320
2.323,2.303,2.263,2.208,2.140,2.063,1.984,1.910,1.847
3.197,3.254,3.257,3.262,3.269,3.278,3.289,3.301,3.312

330
2.324,2.311,2.288,2.255,2.215,2.171,2.125,2.084,2.050
3.204,3.268,3.270,3.274,3.277,3.284,3.289,3.296,3.301

340
2.324,2.319,2.308,2.292,2.274,2.255,2.234,2.215,2.201
3.210,3.279,3.280,3.281,3.283,3.286,3.288,3.291,3.293

350
2.325,2.324,2.320,2.317,2.312,2.307,2.302,2.297,2.294
3.213,3.285,3.285,3.286,3.286,3.287,3.287,3.288,3.288

