num nodes, num configs
5
36
0
5.213,5.212,5.213,5.213
3.305,3.469,3.469,3.469

10
5.211,5.195,5.171,5.147
3.303,3.465,3.467,3.471

20
5.205,5.144,5.048,4.953
3.296,3.453,3.463,3.476

30
5.195,5.066,4.854,4.641
3.284,3.433,3.454,3.484

40
5.184,4.968,4.604,4.225
3.267,3.405,3.438,3.493

50
5.172,4.861,4.323,3.734
3.247,3.367,3.412,3.497

60
5.161,4.758,4.040,3.204
3.224,3.320,3.371,3.486

70
5.151,4.673,3.794,2.695
3.198,3.266,3.311,3.438

80
5.145,4.617,3.625,2.303
3.170,3.206,3.232,3.324

90
5.143,4.597,3.564,2.151
3.142,3.142,3.142,3.142

100
5.145,4.617,3.625,2.303
3.113,3.078,3.051,2.959

110
5.151,4.673,3.794,2.695
3.085,3.017,2.973,2.845

120
5.161,4.758,4.040,3.204
3.059,2.963,2.912,2.797

130
5.172,4.861,4.323,3.734
3.036,2.917,2.871,2.786

140
5.184,4.968,4.604,4.225
3.016,2.879,2.845,2.790

150
5.195,5.066,4.854,4.641
3.000,2.850,2.829,2.799

160
5.205,5.144,5.048,4.953
2.988,2.830,2.820,2.807

170
5.211,5.195,5.171,5.147
2.980,2.818,2.816,2.812

180
5.213,5.212,5.213,5.213
2.978,2.814,2.814,2.814

190
5.211,5.195,5.171,5.147
2.980,2.818,2.816,2.812

200
5.205,5.144,5.048,4.953
2.988,2.830,2.820,2.807

210
5.195,5.066,4.854,4.641
3.000,2.850,2.829,2.799

220
5.184,4.968,4.604,4.225
3.016,2.879,2.845,2.790

230
5.172,4.861,4.323,3.734
3.036,2.917,2.871,2.786

240
5.161,4.758,4.040,3.204
3.059,2.963,2.912,2.797

250
5.151,4.673,3.794,2.695
3.085,3.017,2.973,2.845

260
5.145,4.617,3.625,2.303
3.113,3.078,3.051,2.959

270
5.143,4.597,3.564,2.151
3.142,3.142,3.142,3.142

280
5.145,4.617,3.625,2.303
3.170,3.206,3.232,3.324

290
5.151,4.673,3.794,2.695
3.198,3.266,3.311,3.438

300
5.161,4.758,4.040,3.204
3.224,3.320,3.371,3.486

310
5.172,4.861,4.323,3.734
3.247,3.367,3.412,3.497

320
5.184,4.968,4.604,4.225
3.267,3.405,3.438,3.493

330
5.195,5.066,4.854,4.641
3.284,3.433,3.454,3.484

340
5.205,5.144,5.048,4.953
3.296,3.453,3.463,3.476

350
5.211,5.195,5.171,5.147
3.303,3.465,3.467,3.471

